------------------------------------------------------ 
:: Load Love Number Partial Derivatives 
:: Computed at 11:33PM on March 14, 2024
------------------------------------------------------ 
n = 3 | Normalization: mu,kappa = (R_sc*(L_sc**2)*(T_sc**(-2))); rho = R_sc 
    L_sc = 6371000.0 | R_sc = 5500.0 | T_sc = 934.5127555294843 | pi*G = 1.0
 Radius(km)  Mu[non-dim]  Kappa[non-dim]  Rho[non-dim]  dhl_dmu  dhl_dK  dhl_drho  dll_dmu  dll_dK  dll_drho  dkl_dmu  dkl_dK  dkl_drho 
3508.910990 1.146315 2.553721 1.009450 1.797011 0.021561 -1.508776 -0.178923 0.000746 0.069045 0.553580 0.010813 -0.172459
3537.820980 1.143414 2.542752 1.006818 1.703924 0.017161 -1.548752 -0.166942 0.000949 0.072613 0.525412 0.009004 -0.181435
3566.730970 1.140510 2.531902 1.004192 1.625274 0.013282 -1.589261 -0.156388 0.001065 0.076352 0.501758 0.007338 -0.190544
3595.640960 1.137604 2.521089 1.001567 1.559103 0.009903 -1.629260 -0.147044 0.001096 0.079929 0.482003 0.005809 -0.199588
3624.550950 1.134695 2.510348 0.998945 1.503699 0.007008 -1.669804 -0.138720 0.001042 0.083686 0.465610 0.004409 -0.208769
3653.460940 1.128388 2.490860 0.996324 1.458504 0.004528 -1.709763 -0.131340 0.000899 0.087276 0.452334 0.003105 -0.217867
3682.370930 1.121323 2.469388 0.993705 1.421786 0.002511 -1.750269 -0.124706 0.000666 0.091053 0.441691 0.001913 -0.227107
3711.280920 1.114331 2.448262 0.991088 1.392211 0.000961 -1.790142 -0.118670 0.000345 0.094658 0.433281 0.000834 -0.236256
3740.190910 1.107359 2.427238 0.988472 1.368791 -0.000132 -1.830571 -0.113122 -0.000066 0.098462 0.426794 -0.000136 -0.245551
3769.100900 1.100452 2.406518 0.985856 1.350625 -0.000775 -1.870352 -0.107960 -0.000567 0.102093 0.421948 -0.001003 -0.254756
3798.010890 1.093575 2.385942 0.983241 1.336947 -0.000973 -1.910701 -0.103100 -0.001160 0.105933 0.418503 -0.001770 -0.264111
3826.920880 1.086736 2.365561 0.980627 1.327067 -0.000731 -1.950401 -0.098465 -0.001845 0.109603 0.416244 -0.002440 -0.273380
3855.830870 1.079942 2.345393 0.978011 1.320373 -0.000050 -1.990688 -0.093986 -0.002623 0.113494 0.414980 -0.003018 -0.282805
3884.740860 1.073167 2.325316 0.975396 1.316346 0.001068 -2.030325 -0.089608 -0.003498 0.117216 0.414548 -0.003505 -0.292149
3913.650850 1.066446 2.305519 0.972779 1.314490 0.002623 -2.070578 -0.085275 -0.004470 0.121174 0.414794 -0.003905 -0.301656
3942.560840 1.059740 2.285794 0.970162 1.314418 0.004618 -2.110177 -0.080946 -0.005542 0.124966 0.415598 -0.004219 -0.311086
3971.470830 1.053073 2.266266 0.967543 1.315741 0.007053 -2.150435 -0.076577 -0.006717 0.129008 0.416838 -0.004450 -0.320692
4000.380820 1.046429 2.246859 0.964923 1.318151 0.009935 -2.190035 -0.072137 -0.007996 0.132888 0.418418 -0.004600 -0.330222
4029.290810 1.039805 2.227568 0.962300 1.321362 0.013268 -2.230338 -0.067594 -0.009384 0.137033 0.420250 -0.004669 -0.339942
4058.200800 1.033213 2.208447 0.959674 1.325110 0.017058 -2.269983 -0.062923 -0.010883 0.141020 0.422251 -0.004659 -0.349589
4087.110790 1.026631 2.189384 0.957048 1.329195 0.021314 -2.310376 -0.058100 -0.012497 0.145290 0.424360 -0.004571 -0.359437
4116.020780 1.020082 2.170505 0.954417 1.333394 0.026042 -2.350116 -0.053107 -0.014229 0.149407 0.426507 -0.004406 -0.369216
4144.930770 1.013541 2.151680 0.951783 1.337562 0.031256 -2.390648 -0.047926 -0.016083 0.153823 0.428646 -0.004165 -0.379208
4173.840760 1.007019 2.132967 0.949144 1.341532 0.036964 -2.430534 -0.042545 -0.018065 0.158092 0.430725 -0.003848 -0.389136
4202.750750 1.000512 2.114349 0.946502 1.345174 0.043179 -2.471261 -0.036951 -0.020177 0.162680 0.432705 -0.003454 -0.399288
4231.660740 0.994014 2.095796 0.943858 1.348376 0.049916 -2.511350 -0.031134 -0.022426 0.167124 0.434550 -0.002985 -0.409381
4260.570730 0.987532 2.077354 0.941206 1.351021 0.057187 -2.552328 -0.025088 -0.024815 0.171909 0.436224 -0.002440 -0.419709
4289.480720 0.981054 2.058945 0.938552 1.353036 0.065012 -2.592678 -0.018807 -0.027351 0.176556 0.437702 -0.001819 -0.429981
4318.390710 0.974587 2.040634 0.935890 1.354324 0.073403 -2.633970 -0.012286 -0.030038 0.181565 0.438956 -0.001121 -0.440500
4347.300700 0.968124 2.022365 0.933224 1.354830 0.082383 -2.674645 -0.005523 -0.032883 0.186444 0.439965 -0.000346 -0.450966
4376.210690 0.961666 2.004156 0.930553 1.354485 0.091969 -2.716314 0.001483 -0.035893 0.191704 0.440710 0.000507 -0.461691
4405.120680 0.955211 1.985997 0.927874 1.353237 0.102183 -2.757378 0.008731 -0.039073 0.196845 0.441173 0.001439 -0.472366
4434.030670 0.948758 1.967862 0.925191 1.351041 0.113048 -2.799491 0.016221 -0.042431 0.202387 0.441338 0.002451 -0.483311
4462.940660 0.942305 1.949790 0.922499 1.347855 0.124586 -2.841016 0.023948 -0.045974 0.207821 0.441192 0.003543 -0.494209
4491.850650 0.935852 1.931732 0.919802 1.343646 0.136825 -2.883647 0.031910 -0.049709 0.213679 0.440723 0.004718 -0.505388
4520.760640 0.929395 1.913709 0.917095 1.338388 0.149789 -2.925703 0.040101 -0.053645 0.219439 0.439922 0.005977 -0.516522
4549.670630 0.922933 1.895702 0.914382 1.332056 0.163509 -2.968926 0.048513 -0.057789 0.225648 0.438780 0.007322 -0.527947
4578.580620 0.916466 1.877712 0.911661 1.324628 0.178013 -3.011589 0.057140 -0.062152 0.231768 0.437288 0.008753 -0.539330
4607.490610 0.909991 1.859736 0.908929 1.316091 0.193334 -3.055486 0.065973 -0.066741 0.238365 0.435440 0.010274 -0.551014
4636.400600 0.903513 1.841764 0.906193 1.306422 0.209505 -3.098837 0.075000 -0.071568 0.244883 0.433228 0.011885 -0.562656
4665.310590 0.897021 1.823795 0.903443 1.295629 0.226562 -3.143490 0.084212 -0.076641 0.251907 0.430651 0.013590 -0.574610
4694.220580 0.890523 1.805825 0.900688 1.283691 0.244542 -3.187618 0.093596 -0.081972 0.258865 0.427701 0.015391 -0.586523
4723.130570 0.884011 1.787849 0.897921 1.270617 0.263485 -3.233113 0.103137 -0.087571 0.266355 0.424379 0.017289 -0.598757
4752.040560 0.877487 1.769864 0.895145 1.256401 0.283432 -3.278109 0.112822 -0.093452 0.273794 0.420680 0.019288 -0.610951
4780.950550 0.870954 1.751871 0.892361 1.241038 0.304425 -3.324537 0.122633 -0.099625 0.281794 0.416599 0.021390 -0.623475
4809.860540 0.864398 1.733853 0.889561 1.224559 0.326515 -3.370496 0.132554 -0.106104 0.289761 0.412145 0.023598 -0.635959
4838.770530 0.857835 1.715825 0.886757 1.206939 0.349744 -3.417958 0.142564 -0.112902 0.298317 0.407306 0.025916 -0.648781
4867.680520 0.851246 1.697757 0.883934 1.188226 0.374172 -3.464981 0.152646 -0.120035 0.306857 0.402093 0.028346 -0.661563
4896.590510 0.844646 1.679673 0.881104 1.168401 0.399846 -3.513584 0.162774 -0.127515 0.316019 0.396498 0.030891 -0.674692
4925.500500 0.838028 1.661560 0.878263 1.147494 0.426824 -3.561773 0.172927 -0.135360 0.325182 0.390526 0.033555 -0.687778
4954.410490 0.831387 1.643408 0.875407 1.125530 0.455170 -3.611628 0.183081 -0.143585 0.335002 0.384182 0.036343 -0.701220
4983.320480 0.824734 1.625234 0.872545 1.102508 0.484939 -3.661097 0.193206 -0.152207 0.344840 0.377462 0.039256 -0.714617
5012.230470 0.818048 1.607000 0.869661 1.078496 0.516213 -3.712320 0.203281 -0.161247 0.355373 0.370382 0.042301 -0.728377
5041.140460 0.811351 1.588748 0.866771 1.053471 0.549043 -3.763192 0.213266 -0.170719 0.365944 0.362931 0.045479 -0.742090
5070.050450 0.804625 1.570438 0.863863 1.027503 0.583521 -3.815903 0.223138 -0.180647 0.377246 0.355127 0.048797 -0.756172
5098.960440 0.797879 1.552089 0.860944 1.000600 0.619714 -3.868306 0.232858 -0.191050 0.388608 0.346969 0.052258 -0.770205
5127.870430 0.791112 1.533696 0.858011 0.972805 0.657708 -3.922634 0.242391 -0.201951 0.400740 0.338464 0.055866 -0.784612
5156.780420 0.784315 1.515242 0.855060 0.944174 0.697597 -3.976703 0.251704 -0.213374 0.412957 0.329625 0.059628 -0.798967
5185.690410 0.777506 1.496766 0.852103 0.914710 0.739451 -4.032788 0.260746 -0.225337 0.425982 0.320449 0.063547 -0.813702
5214.600400 0.770655 1.478201 0.849120 0.884519 0.783406 -4.088664 0.269493 -0.237876 0.439121 0.310963 0.067630 -0.828380
5243.510390 0.763792 1.459612 0.846131 0.853593 0.829524 -4.146657 0.277882 -0.251008 0.453109 0.301159 0.071880 -0.843443
5272.420380 0.756894 1.440959 0.843121 0.822027 0.877940 -4.204487 0.285879 -0.264767 0.467237 0.291062 0.076304 -0.858443
5301.330370 0.749972 1.422253 0.840096 0.789859 0.928760 -4.264543 0.293430 -0.279180 0.482260 0.280678 0.080907 -0.873834
5330.240360 0.743030 1.403503 0.837059 0.757143 0.982097 -4.324487 0.300479 -0.294278 0.497451 0.270018 0.085695 -0.889155
5359.150350 0.736049 1.384676 0.833998 0.723978 1.038107 -4.386770 0.306985 -0.310098 0.513585 0.259107 0.090676 -0.904871
5388.060340 0.729055 1.365824 0.830929 0.690387 1.096880 -4.449000 0.312870 -0.326665 0.529917 0.247946 0.095852 -0.920511
5416.970330 0.722018 1.346884 0.827834 0.656499 1.158621 -4.513685 0.318099 -0.344029 0.547242 0.236570 0.101235 -0.936548
5445.880320 0.714964 1.327909 0.824728 0.622348 1.223428 -4.578382 0.322587 -0.362216 0.564798 0.224982 0.106827 -0.952502
5474.790310 0.707880 1.308871 0.821602 0.588043 1.291494 -4.645651 0.326281 -0.381274 0.583397 0.213210 0.112637 -0.968855
5503.700300 0.700765 1.289774 0.818456 0.553670 1.362987 -4.713007 0.329110 -0.401244 0.602264 0.201275 0.118671 -0.985118
5532.610290 0.693632 1.270642 0.815298 0.519308 1.438059 -4.783058 0.330987 -0.422165 0.622228 0.189195 0.124936 -1.001781
5561.520280 0.686455 1.251431 0.812111 0.485095 1.516963 -4.853275 0.331866 -0.444096 0.642499 0.177005 0.131441 -1.018345
5590.430270 0.679268 1.232200 0.808918 0.451090 1.599823 -4.926320 0.331629 -0.467071 0.663922 0.164718 0.138189 -1.035310
5619.340260 0.662991 1.215747 0.805695 0.427254 1.683365 -4.999529 0.336636 -0.487462 0.685726 0.155932 0.144603 -1.052156
5648.250250 0.642425 1.200737 0.802455 0.407740 1.768245 -5.075350 0.344007 -0.506509 0.708894 0.148599 0.150728 -1.069358
5677.160240 0.622177 1.185705 0.799197 0.387432 1.856184 -5.151129 0.350444 -0.525962 0.732631 0.140865 0.156802 -1.086390
5706.070230 0.483726 0.997969 0.725625 0.606968 2.392935 -5.229255 0.592491 -0.611111 0.758412 0.193329 0.192862 -1.103957
5734.980220 0.479035 0.987167 0.724402 0.555125 2.494294 -5.305273 0.584454 -0.637993 0.787247 0.174701 0.198709 -1.122125
5763.890210 0.474371 0.976437 0.723178 0.504227 2.599461 -5.384004 0.573947 -0.665819 0.817316 0.156209 0.204627 -1.140565
5792.800200 0.459173 0.946661 0.717880 0.484816 2.780739 -5.464102 0.593197 -0.705934 0.848391 0.143723 0.215266 -1.159074
5821.710190 0.440968 0.911369 0.711255 0.476680 3.001171 -5.546759 0.623676 -0.752463 0.881311 0.132384 0.227846 -1.178047
5850.620180 0.423241 0.876949 0.704631 0.470288 3.240123 -5.630734 0.655301 -0.802078 0.915779 0.120111 0.240874 -1.197257
5879.530170 0.405987 0.843396 0.698006 0.466071 3.499370 -5.717553 0.688088 -0.854987 0.952337 0.106832 0.254336 -1.216993
5908.440160 0.389195 0.810692 0.691381 0.464572 3.780971 -5.805983 0.722087 -0.911422 0.990683 0.092471 0.268214 -1.237019
5937.350150 0.372861 0.778825 0.684756 0.466399 4.087170 -5.897605 0.757320 -0.971628 1.031386 0.076942 0.282481 -1.257637
5966.260140 0.356978 0.747787 0.678131 0.472269 4.420485 -5.991185 0.793812 -1.035860 1.074157 0.060148 0.297099 -1.278613
5995.170130 0.311858 0.667541 0.641606 0.680129 5.301934 -6.087623 1.031236 -1.169522 1.122113 0.054844 0.337318 -1.301091
6024.080120 0.307695 0.654296 0.638467 0.637508 5.562197 -6.187285 1.008769 -1.229230 1.172459 0.029248 0.345375 -1.324075
6052.990110 0.303569 0.641218 0.635328 0.598139 5.835158 -6.290774 0.982148 -1.291532 1.224787 0.004144 0.353356 -1.347436
6081.900100 0.299481 0.628309 0.632189 0.562346 6.121377 -6.397741 0.951041 -1.356517 1.279003 -0.020371 0.361225 -1.371079
6110.810090 0.295428 0.615563 0.629050 0.530511 6.421543 -6.508833 0.915132 -1.424295 1.335320 -0.044195 0.368946 -1.395094
6139.720080 0.291414 0.602987 0.625912 0.502983 6.736187 -6.623700 0.874049 -1.494944 1.393643 -0.067215 0.376471 -1.419385
6168.630070 0.257526 0.498335 0.611164 1.076871 8.846998 -6.745617 1.228439 -1.844632 1.458718 -0.116300 0.459885 -1.446663
6197.540060 0.259009 0.500913 0.611736 0.944323 8.951411 -6.872658 1.126442 -1.890294 1.526882 -0.138380 0.453668 -1.474806
6226.450050 0.260499 0.503497 0.612307 0.823846 9.058815 -7.003966 1.015689 -1.936653 1.596475 -0.157008 0.447543 -1.502858
6255.360040 0.261993 0.506091 0.612879 0.716050 9.169173 -7.139567 0.895810 -1.983710 1.667483 -0.172018 0.441502 -1.530776
6284.270030 0.263492 0.508693 0.613450 0.621581 9.282497 -7.279479 0.766434 -2.031485 1.739895 -0.183236 0.435540 -1.558515
6313.180020 0.264997 0.511302 0.614021 0.541119 9.398854 -7.423723 0.627204 -2.080003 1.813695 -0.190482 0.429653 -1.586029
6342.090010 0.266507 0.513921 0.614593 0.475332 9.518189 -7.572306 0.477740 -2.129267 1.888871 -0.193564 0.423834 -1.613267
6371.000000 0.104151 0.203285 0.415164 17.253419 39.079245 -7.788675 4.793387 -4.508735 2.029920 -1.031590 0.853033 -1.669502
