------------------------------------------------------ 
:: Potential Love Number Partial Derivatives 
:: Computed at 11:33PM on March 14, 2024
------------------------------------------------------ 
n = 1 | Normalization: mu,kappa = (R_sc*(L_sc**2)*(T_sc**(-2))); rho = R_sc 
    L_sc = 6371000.0 | R_sc = 5500.0 | T_sc = 934.5127555294843 | pi*G = 1.0
 Radius(km)  Mu[non-dim]  Kappa[non-dim]  Rho[non-dim]  dhp_dmu  dhp_dK  dhp_drho  dlp_dmu  dlp_dK  dlp_drho  dkp_dmu  dkp_dK  dkp_drho 
3508.910990 1.146315 2.553721 1.009450 -0.000286 0.000306 nan -0.001581 -0.000413 nan -0.000004 -0.000002 -141.668821
3537.820980 1.143414 2.542752 1.006818 -0.000285 0.000310 nan -0.001579 -0.000419 nan -0.000004 -0.000002 -144.012931
3566.730970 1.140510 2.531902 1.004192 -0.000284 0.000314 nan -0.001578 -0.000424 nan -0.000004 -0.000002 -146.376108
3595.640960 1.137604 2.521089 1.001567 -0.000282 0.000319 nan -0.001573 -0.000430 nan -0.000004 -0.000002 -148.758681
3624.550950 1.134695 2.510348 0.998945 -0.000280 0.000324 nan -0.001571 -0.000436 nan -0.000004 -0.000002 -151.160334
3653.460940 1.128388 2.490860 0.996324 -0.000279 0.000331 nan -0.001565 -0.000444 nan -0.000004 -0.000002 -153.581363
3682.370930 1.121323 2.469388 0.993705 -0.000279 0.000337 nan -0.001563 -0.000450 nan -0.000004 -0.000002 -156.021485
3711.280920 1.114331 2.448262 0.991088 -0.000279 0.000343 nan -0.001559 -0.000457 nan -0.000004 -0.000002 -158.480981
3740.190910 1.107359 2.427238 0.988472 -0.000279 0.000350 nan -0.001556 -0.000464 nan -0.000004 -0.000002 -160.959566
3769.100900 1.100452 2.406518 0.985856 -0.000279 0.000356 nan -0.001554 -0.000470 nan -0.000004 -0.000002 -163.457533
3798.010890 1.093575 2.385942 0.983241 -0.000279 0.000363 nan -0.001551 -0.000478 nan -0.000004 -0.000002 -165.974576
3826.920880 1.086736 2.365561 0.980627 -0.000279 0.000370 nan -0.001549 -0.000484 nan -0.000004 -0.000002 -168.511019
3855.830870 1.079942 2.345393 0.978011 -0.000279 0.000377 nan -0.001547 -0.000492 nan -0.000004 -0.000002 -171.066520
3884.740860 1.073167 2.325316 0.975396 -0.000279 0.000384 nan -0.001545 -0.000499 nan -0.000004 -0.000002 -173.641439
3913.650850 1.066446 2.305519 0.972779 -0.000279 0.000391 nan -0.001544 -0.000507 nan -0.000004 -0.000002 -176.235398
3942.560840 1.059740 2.285794 0.970162 -0.000279 0.000399 nan -0.001543 -0.000515 nan -0.000004 -0.000002 -178.848781
3971.470830 1.053073 2.266266 0.967543 -0.000279 0.000406 nan -0.001543 -0.000522 nan -0.000004 -0.000002 -181.481209
4000.380820 1.046429 2.246859 0.964923 -0.000279 0.000414 nan -0.001542 -0.000531 nan -0.000004 -0.000002 -184.133057
4029.290810 1.039805 2.227568 0.962300 -0.000279 0.000421 nan -0.001542 -0.000538 nan -0.000004 -0.000002 -186.803954
4058.200800 1.033213 2.208447 0.959674 -0.000279 0.000430 nan -0.001542 -0.000547 nan -0.000004 -0.000002 -189.494266
4087.110790 1.026631 2.189384 0.957048 -0.000279 0.000438 nan -0.001543 -0.000555 nan -0.000004 -0.000002 -192.203631
4116.020780 1.020082 2.170505 0.954417 -0.000279 0.000446 nan -0.001544 -0.000564 nan -0.000004 -0.000002 -194.932408
4144.930770 1.013541 2.151680 0.951783 -0.000279 0.000455 nan -0.001546 -0.000573 nan -0.000004 -0.000002 -197.680232
4173.840760 1.007019 2.132967 0.949144 -0.000280 0.000463 nan -0.001548 -0.000581 nan -0.000004 -0.000002 -200.447484
4202.750750 1.000512 2.114349 0.946502 -0.000280 0.000472 nan -0.001550 -0.000590 nan -0.000004 -0.000002 -203.233767
4231.660740 0.994014 2.095796 0.943858 -0.000280 0.000480 nan -0.001553 -0.000599 nan -0.000004 -0.000002 -206.039493
4260.570730 0.987532 2.077354 0.941206 -0.000281 0.000490 nan -0.001556 -0.000608 nan -0.000004 -0.000002 -208.864235
4289.480720 0.981054 2.058945 0.938552 -0.000281 0.000499 nan -0.001560 -0.000618 nan -0.000004 -0.000002 -211.708430
4318.390710 0.974587 2.040634 0.935890 -0.000282 0.000508 nan -0.001564 -0.000627 nan -0.000004 -0.000002 -214.571636
4347.300700 0.968124 2.022365 0.933224 -0.000282 0.000518 nan -0.001569 -0.000637 nan -0.000004 -0.000002 -217.454296
4376.210690 0.961666 2.004156 0.930553 -0.000283 0.000527 nan -0.001574 -0.000646 nan -0.000004 -0.000002 -220.355969
4405.120680 0.955211 1.985997 0.927874 -0.000283 0.000538 nan -0.001579 -0.000657 nan -0.000004 -0.000002 -223.277096
4434.030670 0.948758 1.967862 0.925191 -0.000284 0.000547 nan -0.001585 -0.000666 nan -0.000004 -0.000002 -226.217236
4462.940660 0.942305 1.949790 0.922499 -0.000285 0.000558 nan -0.001591 -0.000677 nan -0.000004 -0.000002 -229.176828
4491.850650 0.935852 1.931732 0.919802 -0.000286 0.000569 nan -0.001598 -0.000687 nan -0.000004 -0.000002 -232.155429
4520.760640 0.929395 1.913709 0.917095 -0.000287 0.000579 nan -0.001605 -0.000697 nan -0.000004 -0.000002 -235.153493
4549.670630 0.922933 1.895702 0.914382 -0.000288 0.000590 nan -0.001613 -0.000709 nan -0.000004 -0.000002 -238.170554
4578.580620 0.916466 1.877712 0.911661 -0.000289 0.000601 nan -0.001620 -0.000719 nan -0.000004 -0.000002 -241.207090
4607.490610 0.909991 1.859736 0.908929 -0.000290 0.000613 nan -0.001629 -0.000730 nan -0.000004 -0.000002 -244.262611
4636.400600 0.903513 1.841764 0.906193 -0.000292 0.000624 nan -0.001638 -0.000741 nan -0.000004 -0.000002 -247.337619
4665.310590 0.897021 1.823795 0.903443 -0.000293 0.000636 nan -0.001647 -0.000753 nan -0.000004 -0.000002 -250.431601
4694.220580 0.890523 1.805825 0.900688 -0.000295 0.000648 nan -0.001657 -0.000765 nan -0.000004 -0.000002 -253.545075
4723.130570 0.884011 1.787849 0.897921 -0.000297 0.000660 nan -0.001667 -0.000776 nan -0.000004 -0.000002 -256.677523
4752.040560 0.877487 1.769864 0.895145 -0.000298 0.000673 nan -0.001678 -0.000788 nan -0.000004 -0.000002 -259.829463
4780.950550 0.870954 1.751871 0.892361 -0.000301 0.000686 nan -0.001688 -0.000800 nan -0.000004 -0.000002 -263.000377
4809.860540 0.864398 1.733853 0.889561 -0.000303 0.000699 nan -0.001700 -0.000812 nan -0.000004 -0.000002 -266.190784
4838.770530 0.857835 1.715825 0.886757 -0.000305 0.000713 nan -0.001712 -0.000825 nan -0.000004 -0.000002 -269.400161
4867.680520 0.851246 1.697757 0.883934 -0.000307 0.000726 nan -0.001724 -0.000837 nan -0.000004 -0.000002 -272.629037
4896.590510 0.844646 1.679673 0.881104 -0.000310 0.000741 nan -0.001737 -0.000850 nan -0.000004 -0.000002 -275.876874
4925.500500 0.838028 1.661560 0.878263 -0.000313 0.000755 nan -0.001750 -0.000863 nan -0.000004 -0.000002 -279.144222
4954.410490 0.831387 1.643408 0.875407 -0.000316 0.000769 nan -0.001764 -0.000876 nan -0.000004 -0.000002 -282.430520
4983.320480 0.824734 1.625234 0.872545 -0.000319 0.000784 nan -0.001778 -0.000889 nan -0.000004 -0.000002 -285.736339
5012.230470 0.818048 1.607000 0.869661 -0.000322 0.000800 nan -0.001793 -0.000903 nan -0.000004 -0.000002 -289.061098
5041.140460 0.811351 1.588748 0.866771 -0.000326 0.000815 nan -0.001808 -0.000917 nan -0.000004 -0.000002 -292.405385
5070.050450 0.804625 1.570438 0.863863 -0.000330 0.000831 nan -0.001823 -0.000931 nan -0.000004 -0.000002 -295.768607
5098.960440 0.797879 1.552089 0.860944 -0.000334 0.000848 nan -0.001839 -0.000945 nan -0.000004 -0.000002 -299.151362
5127.870430 0.791112 1.533696 0.858011 -0.000338 0.000864 nan -0.001855 -0.000959 nan -0.000004 -0.000002 -302.553048
5156.780420 0.784315 1.515242 0.855060 -0.000342 0.000882 nan -0.001872 -0.000974 nan -0.000004 -0.000002 -305.974271
5185.690410 0.777506 1.496766 0.852103 -0.000347 0.000899 nan -0.001890 -0.000989 nan -0.000004 -0.000002 -309.414421
5214.600400 0.770655 1.478201 0.849120 -0.000352 0.000917 nan -0.001907 -0.001004 nan -0.000004 -0.000002 -312.874111
5243.510390 0.763792 1.459612 0.846131 -0.000357 0.000936 nan -0.001925 -0.001020 nan -0.000004 -0.000002 -316.352722
5272.420380 0.756894 1.440959 0.843121 -0.000363 0.000955 nan -0.001944 -0.001035 nan -0.000004 -0.000002 -319.850883
5301.330370 0.749972 1.422253 0.840096 -0.000369 0.000974 nan -0.001963 -0.001051 nan -0.000004 -0.000002 -323.367955
5330.240360 0.743030 1.403503 0.837059 -0.000375 0.000994 nan -0.001982 -0.001067 nan -0.000004 -0.000002 -326.904586
5359.150350 0.736049 1.384676 0.833998 -0.000382 0.001014 nan -0.002002 -0.001084 nan -0.000004 -0.000002 -330.460119
5388.060340 0.729055 1.365824 0.830929 -0.000389 0.001035 nan -0.002023 -0.001101 nan -0.000004 -0.000002 -334.035221
5416.970330 0.722018 1.346884 0.827834 -0.000396 0.001057 nan -0.002043 -0.001117 nan -0.000004 -0.000002 -337.629215
5445.880320 0.714964 1.327909 0.824728 -0.000403 0.001079 nan -0.002065 -0.001135 nan -0.000004 -0.000002 -341.242785
5474.790310 0.707880 1.308871 0.821602 -0.000412 0.001101 nan -0.002086 -0.001152 nan -0.000004 -0.000002 -344.875242
5503.700300 0.700765 1.289774 0.818456 -0.000420 0.001124 nan -0.002108 -0.001170 nan -0.000004 -0.000002 -348.527280
5532.610290 0.693632 1.270642 0.815298 -0.000429 0.001148 nan -0.002131 -0.001188 nan -0.000004 -0.000002 -352.198200
5561.520280 0.686455 1.251431 0.812111 -0.000439 0.001173 nan -0.002154 -0.001207 nan -0.000004 -0.000002 -355.888707
5590.430270 0.679268 1.232200 0.808918 -0.000448 0.001198 nan -0.002178 -0.001225 nan -0.000004 -0.000002 -359.598089
5619.340260 0.662991 1.215747 0.805695 -0.000462 0.001214 nan -0.002234 -0.001225 nan -0.000004 -0.000002 -363.327066
5648.250250 0.642425 1.200737 0.802455 -0.000478 0.001225 nan -0.002308 -0.001214 nan -0.000005 -0.000002 -367.074908
5677.160240 0.622177 1.185705 0.799197 -0.000495 0.001236 nan -0.002386 -0.001202 nan -0.000005 -0.000002 -370.842354
5706.070230 0.483726 0.997969 0.725625 -0.000788 0.001386 nan -0.002566 -0.001159 nan -0.000005 -0.000002 -374.628602
5734.980220 0.479035 0.987167 0.724402 -0.000797 0.001406 nan -0.002614 -0.001169 nan -0.000005 -0.000002 -378.434396
5763.890210 0.474371 0.976437 0.723178 -0.000805 0.001426 nan -0.002662 -0.001179 nan -0.000005 -0.000002 -382.259280
5792.800200 0.459173 0.946661 0.717880 -0.000852 0.001470 nan -0.002716 -0.001191 nan -0.000005 -0.000002 -386.103542
5821.710190 0.440968 0.911369 0.711255 -0.000914 0.001522 nan -0.002774 -0.001202 nan -0.000005 -0.000002 -389.966888
5850.620180 0.423241 0.876949 0.704631 -0.000980 0.001577 nan -0.002835 -0.001214 nan -0.000005 -0.000002 -393.849617
5879.530170 0.405987 0.843396 0.698006 -0.001050 0.001634 nan -0.002899 -0.001225 nan -0.000005 -0.000002 -397.751427
5908.440160 0.389195 0.810692 0.691381 -0.001126 0.001692 nan -0.002966 -0.001235 nan -0.000005 -0.000002 -401.672623
5937.350150 0.372861 0.778825 0.684756 -0.001207 0.001754 nan -0.003036 -0.001244 nan -0.000005 -0.000002 -405.612897
5966.260140 0.356978 0.747787 0.678131 -0.001293 0.001817 nan -0.003110 -0.001253 nan -0.000005 -0.000002 -409.572560
5995.170130 0.311858 0.667541 0.641606 -0.001593 0.001993 nan -0.003246 -0.001255 nan -0.000005 -0.000002 -413.551384
6024.080120 0.307695 0.654296 0.638467 -0.001629 0.002033 nan -0.003299 -0.001269 nan -0.000005 -0.000002 -417.549457
6052.990110 0.303569 0.641218 0.635328 -0.001666 0.002074 nan -0.003353 -0.001282 nan -0.000005 -0.000002 -421.566716
6081.900100 0.299481 0.628309 0.632189 -0.001704 0.002114 nan -0.003407 -0.001294 nan -0.000005 -0.000002 -425.603256
6110.810090 0.295428 0.615563 0.629050 -0.001744 0.002156 nan -0.003462 -0.001307 nan -0.000005 -0.000002 -429.658980
6139.720080 0.291414 0.602987 0.625912 -0.001785 0.002197 nan -0.003517 -0.001319 nan -0.000006 -0.000002 -433.733985
6168.630070 0.257526 0.498335 0.611164 -0.002289 0.002642 nan -0.003411 -0.001451 nan -0.000005 -0.000002 -437.828196
6197.540060 0.259009 0.500913 0.611736 -0.002262 0.002623 nan -0.003481 -0.001445 nan -0.000005 -0.000002 -441.941643
6226.450050 0.260499 0.503497 0.612307 -0.002234 0.002603 nan -0.003552 -0.001439 nan -0.000005 -0.000002 -446.074323
6255.360040 0.261993 0.506091 0.612879 -0.002204 0.002584 nan -0.003625 -0.001433 nan -0.000006 -0.000002 -450.226236
6284.270030 0.263492 0.508693 0.613450 -0.002174 0.002565 nan -0.003700 -0.001427 nan -0.000006 -0.000002 -454.397381
6313.180020 0.264997 0.511302 0.614021 -0.002142 0.002546 nan -0.003776 -0.001421 nan -0.000006 -0.000002 -458.587760
6342.090010 0.266507 0.513921 0.614593 -0.002109 0.002528 nan -0.003855 -0.001416 nan -0.000006 -0.000002 -462.797371
6371.000000 0.104151 0.203285 0.415164 -0.007832 0.005463 nan -0.004016 -0.001406 nan -0.000006 -0.000002 -467.023414
