------------------------------------------------------ 
:: Potential Love Number Partial Derivatives 
:: Computed at 11:33PM on March 14, 2024
------------------------------------------------------ 
n = 4 | Normalization: mu,kappa = (R_sc*(L_sc**2)*(T_sc**(-2))); rho = R_sc 
    L_sc = 6371000.0 | R_sc = 5500.0 | T_sc = 934.5127555294843 | pi*G = 1.0
 Radius(km)  Mu[non-dim]  Kappa[non-dim]  Rho[non-dim]  dhp_dmu  dhp_dK  dhp_drho  dlp_dmu  dlp_dK  dlp_drho  dkp_dmu  dkp_dK  dkp_drho 
3508.910990 1.146315 2.553721 1.009450 -0.337462 -0.017349 0.145097 0.045992 0.001738 0.005237 -0.075533 -0.005277 0.010851
3537.820980 1.143414 2.542752 1.006818 -0.316304 -0.015380 0.151458 0.042730 0.001447 0.004725 -0.070868 -0.004810 0.012175
3566.730970 1.140510 2.531902 1.004192 -0.300096 -0.013572 0.157897 0.040145 0.001182 0.004195 -0.067327 -0.004379 0.013526
3595.640960 1.137604 2.521089 1.001567 -0.288051 -0.011913 0.164361 0.038121 0.000939 0.003686 -0.064730 -0.003981 0.014905
3624.550950 1.134695 2.510348 0.998945 -0.279499 -0.010390 0.170907 0.036562 0.000718 0.003158 -0.062926 -0.003615 0.016315
3653.460940 1.128388 2.490860 0.996324 -0.274080 -0.008990 0.177473 0.035412 0.000515 0.002652 -0.061826 -0.003280 0.017754
3682.370930 1.121323 2.469388 0.993705 -0.271270 -0.007706 0.184127 0.034594 0.000330 0.002126 -0.061316 -0.002973 0.019227
3711.280920 1.114331 2.448262 0.991088 -0.270620 -0.006532 0.190804 0.034041 0.000163 0.001624 -0.061296 -0.002689 0.020734
3740.190910 1.107359 2.427238 0.988472 -0.271781 -0.005459 0.197578 0.033703 0.000011 0.001101 -0.061688 -0.002428 0.022278
3769.100900 1.100452 2.406518 0.985856 -0.274451 -0.004480 0.204384 0.033533 -0.000125 0.000602 -0.062423 -0.002187 0.023859
3798.010890 1.093575 2.385942 0.983241 -0.278376 -0.003590 0.211299 0.033494 -0.000247 0.000081 -0.063444 -0.001966 0.025483
3826.920880 1.086736 2.365561 0.980627 -0.283338 -0.002783 0.218258 0.033554 -0.000355 -0.000417 -0.064701 -0.001762 0.027151
3855.830870 1.079942 2.345393 0.978011 -0.289148 -0.002054 0.225338 0.033682 -0.000451 -0.000937 -0.066152 -0.001574 0.028865
3884.740860 1.073167 2.325316 0.975396 -0.295652 -0.001397 0.232475 0.033855 -0.000534 -0.001435 -0.067763 -0.001402 0.030629
3913.650850 1.066446 2.305519 0.972779 -0.302708 -0.000810 0.239748 0.034052 -0.000606 -0.001956 -0.069502 -0.001243 0.032445
3942.560840 1.059740 2.285794 0.970162 -0.310207 -0.000288 0.247091 0.034254 -0.000666 -0.002454 -0.071344 -0.001098 0.034316
3971.470830 1.053073 2.266266 0.967543 -0.318044 0.000173 0.254587 0.034445 -0.000716 -0.002977 -0.073267 -0.000966 0.036246
4000.380820 1.046429 2.246859 0.964923 -0.326139 0.000574 0.262166 0.034611 -0.000755 -0.003477 -0.075252 -0.000844 0.038237
4029.290810 1.039805 2.227568 0.962300 -0.334420 0.000920 0.269915 0.034740 -0.000785 -0.004003 -0.077284 -0.000734 0.040293
4058.200800 1.033213 2.208447 0.959674 -0.342821 0.001211 0.277762 0.034821 -0.000805 -0.004504 -0.079348 -0.000633 0.042416
4087.110790 1.026631 2.189384 0.957048 -0.351296 0.001451 0.285796 0.034845 -0.000815 -0.005033 -0.081435 -0.000542 0.044611
4116.020780 1.020082 2.170505 0.954417 -0.359789 0.001641 0.293941 0.034802 -0.000816 -0.005537 -0.083532 -0.000459 0.046879
4144.930770 1.013541 2.151680 0.951783 -0.368270 0.001783 0.302291 0.034685 -0.000808 -0.006069 -0.085633 -0.000385 0.049225
4173.840760 1.007019 2.132967 0.949144 -0.376699 0.001879 0.310768 0.034487 -0.000791 -0.006574 -0.087729 -0.000319 0.051651
4202.750750 1.000512 2.114349 0.946502 -0.385047 0.001928 0.319465 0.034201 -0.000765 -0.007108 -0.089815 -0.000260 0.054161
4231.660740 0.994014 2.095796 0.943858 -0.393288 0.001933 0.328306 0.033822 -0.000731 -0.007614 -0.091884 -0.000208 0.056758
4260.570730 0.987532 2.077354 0.941206 -0.401395 0.001895 0.337383 0.033343 -0.000687 -0.008148 -0.093930 -0.000162 0.059446
4289.480720 0.981054 2.058945 0.938552 -0.409350 0.001813 0.346618 0.032760 -0.000635 -0.008652 -0.095951 -0.000123 0.062227
4318.390710 0.974587 2.040634 0.935890 -0.417129 0.001689 0.356108 0.032068 -0.000574 -0.009184 -0.097942 -0.000090 0.065106
4347.300700 0.968124 2.022365 0.933224 -0.424718 0.001523 0.365770 0.031262 -0.000504 -0.009684 -0.099898 -0.000062 0.068085
4376.210690 0.961666 2.004156 0.930553 -0.432096 0.001314 0.375704 0.030338 -0.000425 -0.010210 -0.101816 -0.000040 0.071168
4405.120680 0.955211 1.985997 0.927874 -0.439247 0.001064 0.385824 0.029290 -0.000337 -0.010701 -0.103692 -0.000023 0.074357
4434.030670 0.948758 1.967862 0.925191 -0.446155 0.000771 0.396234 0.028115 -0.000240 -0.011217 -0.105524 -0.000010 0.077657
4462.940660 0.942305 1.949790 0.922499 -0.452805 0.000437 0.406844 0.026809 -0.000134 -0.011695 -0.107307 -0.000003 0.081070
4491.850650 0.935852 1.931732 0.919802 -0.459181 0.000060 0.417761 0.025368 -0.000018 -0.012194 -0.109039 -0.000000 0.084601
4520.760640 0.929395 1.913709 0.917095 -0.465268 -0.000361 0.428892 0.023788 0.000108 -0.012652 -0.110716 -0.000002 0.088251
4549.670630 0.922933 1.895702 0.914382 -0.471051 -0.000825 0.440345 0.022065 0.000243 -0.013129 -0.112335 -0.000007 0.092025
4578.580620 0.916466 1.877712 0.911661 -0.476513 -0.001333 0.452028 0.020196 0.000389 -0.013558 -0.113891 -0.000017 0.095924
4607.490610 0.909991 1.859736 0.908929 -0.481642 -0.001886 0.464048 0.018177 0.000545 -0.014003 -0.115383 -0.000031 0.099954
4636.400600 0.903513 1.841764 0.906193 -0.486415 -0.002485 0.476311 0.016005 0.000712 -0.014395 -0.116805 -0.000049 0.104116
4665.310590 0.897021 1.823795 0.903443 -0.490824 -0.003131 0.488927 0.013676 0.000890 -0.014798 -0.118155 -0.000071 0.108413
4694.220580 0.890523 1.805825 0.900688 -0.494845 -0.003825 0.501798 0.011188 0.001079 -0.015141 -0.119427 -0.000096 0.112848
4723.130570 0.884011 1.787849 0.897921 -0.498469 -0.004568 0.515038 0.008538 0.001280 -0.015490 -0.120620 -0.000125 0.117425
4752.040560 0.877487 1.769864 0.895145 -0.501674 -0.005362 0.528544 0.005724 0.001493 -0.015770 -0.121727 -0.000158 0.122146
4780.950550 0.870954 1.751871 0.892361 -0.504440 -0.006207 0.542433 0.002742 0.001718 -0.016050 -0.122745 -0.000194 0.127013
4809.860540 0.864398 1.733853 0.889561 -0.506760 -0.007105 0.556600 -0.000409 0.001956 -0.016253 -0.123671 -0.000234 0.132029
4838.770530 0.857835 1.715825 0.886757 -0.508603 -0.008059 0.571164 -0.003730 0.002207 -0.016446 -0.124497 -0.000277 0.137197
4867.680520 0.851246 1.697757 0.883934 -0.509967 -0.009069 0.586015 -0.007223 0.002472 -0.016552 -0.125224 -0.000323 0.142517
4896.590510 0.844646 1.679673 0.881104 -0.510819 -0.010137 0.601274 -0.010889 0.002750 -0.016640 -0.125842 -0.000373 0.147994
4925.500500 0.838028 1.661560 0.878263 -0.511147 -0.011265 0.616830 -0.014728 0.003043 -0.016629 -0.126348 -0.000426 0.153628
4954.410490 0.831387 1.643408 0.875407 -0.510937 -0.012455 0.632805 -0.018739 0.003352 -0.016588 -0.126739 -0.000482 0.159422
4983.320480 0.824734 1.625234 0.872545 -0.510159 -0.013709 0.649083 -0.022923 0.003675 -0.016435 -0.127007 -0.000542 0.165376
5012.230470 0.818048 1.607000 0.869661 -0.508816 -0.015029 0.665790 -0.027277 0.004014 -0.016240 -0.127151 -0.000604 0.171493
5041.140460 0.811351 1.588748 0.866771 -0.506867 -0.016417 0.682806 -0.031800 0.004370 -0.015917 -0.127162 -0.000670 0.177772
5070.050450 0.804625 1.570438 0.863863 -0.504313 -0.017876 0.700258 -0.036488 0.004743 -0.015538 -0.127038 -0.000739 0.184216
5098.960440 0.797879 1.552089 0.860944 -0.501127 -0.019406 0.718022 -0.041337 0.005133 -0.015013 -0.126773 -0.000811 0.190823
5127.870430 0.791112 1.533696 0.858011 -0.497294 -0.021012 0.736227 -0.046344 0.005541 -0.014415 -0.126362 -0.000886 0.197595
5156.780420 0.784315 1.515242 0.855060 -0.492808 -0.022695 0.754746 -0.051502 0.005968 -0.013653 -0.125802 -0.000964 0.204531
5185.690410 0.777506 1.496766 0.852103 -0.487633 -0.024457 0.773708 -0.056802 0.006413 -0.012797 -0.125083 -0.001045 0.211631
5214.600400 0.770655 1.478201 0.849120 -0.481787 -0.026303 0.792982 -0.062239 0.006879 -0.011755 -0.124209 -0.001129 0.218894
5243.510390 0.763792 1.459612 0.846131 -0.475226 -0.028232 0.812699 -0.067801 0.007364 -0.010598 -0.123168 -0.001216 0.226318
5272.420380 0.756894 1.440959 0.843121 -0.467962 -0.030249 0.832723 -0.073479 0.007870 -0.009230 -0.121961 -0.001306 0.233902
5301.330370 0.749972 1.422253 0.840096 -0.459973 -0.032356 0.853186 -0.079257 0.008397 -0.007722 -0.120581 -0.001398 0.241643
5330.240360 0.743030 1.403503 0.837059 -0.451248 -0.034554 0.873948 -0.085122 0.008946 -0.005973 -0.119025 -0.001493 0.249538
5359.150350 0.736049 1.384676 0.833998 -0.441799 -0.036848 0.895142 -0.091058 0.009517 -0.004058 -0.117293 -0.001591 0.257585
5388.060340 0.729055 1.365824 0.830929 -0.431594 -0.039238 0.916621 -0.097043 0.010111 -0.001870 -0.115376 -0.001690 0.265778
5416.970330 0.722018 1.346884 0.827834 -0.420663 -0.041729 0.938520 -0.103060 0.010727 0.000517 -0.113280 -0.001793 0.274114
5445.880320 0.714964 1.327909 0.824728 -0.408981 -0.044321 0.960687 -0.109081 0.011367 0.003211 -0.110996 -0.001897 0.282586
5474.790310 0.707880 1.308871 0.821602 -0.396564 -0.047017 0.983257 -0.115083 0.012032 0.006141 -0.108528 -0.002003 0.291190
5503.700300 0.700765 1.289774 0.818456 -0.383419 -0.049820 1.006073 -0.121034 0.012720 0.009419 -0.105873 -0.002111 0.299916
5532.610290 0.693632 1.270642 0.815298 -0.369545 -0.052730 1.029269 -0.126901 0.013432 0.012972 -0.103031 -0.002221 0.308759
5561.520280 0.686455 1.251431 0.812111 -0.354979 -0.055751 1.052682 -0.132651 0.014169 0.016918 -0.100009 -0.002332 0.317708
5590.430270 0.679268 1.232200 0.808918 -0.339710 -0.058881 1.076447 -0.138237 0.014931 0.021185 -0.096802 -0.002444 0.326756
5619.340260 0.662991 1.215747 0.805695 -0.330424 -0.062540 1.100411 -0.146085 0.015723 0.025910 -0.095127 -0.002588 0.335905
5648.250250 0.642425 1.200737 0.802455 -0.323462 -0.066413 1.124770 -0.155322 0.016503 0.031079 -0.094069 -0.002740 0.345199
5677.160240 0.622177 1.185705 0.799197 -0.315361 -0.070255 1.149358 -0.164744 0.017257 0.036834 -0.092741 -0.002883 0.354631
5706.070230 0.483726 0.997969 0.725625 -0.457565 -0.101778 1.174753 -0.234876 0.022265 0.043244 -0.126598 -0.004421 0.364375
5734.980220 0.479035 0.987167 0.724402 -0.429553 -0.103911 1.202365 -0.240713 0.022807 0.050900 -0.120452 -0.004398 0.375055
5763.890210 0.474371 0.976437 0.723178 -0.400854 -0.106013 1.230244 -0.245934 0.023338 0.059167 -0.114132 -0.004370 0.385786
5792.800200 0.459173 0.946661 0.717880 -0.388432 -0.112039 1.258382 -0.258640 0.024457 0.068172 -0.111506 -0.004519 0.396586
5821.710190 0.440968 0.911369 0.711255 -0.380103 -0.119554 1.287157 -0.274132 0.025777 0.078003 -0.109746 -0.004716 0.407552
5850.620180 0.423241 0.876949 0.704631 -0.370137 -0.127268 1.316494 -0.289745 0.027096 0.088792 -0.107540 -0.004898 0.418667
5879.530170 0.405987 0.843396 0.698006 -0.358398 -0.135142 1.346496 -0.305314 0.028402 0.100564 -0.104855 -0.005062 0.429919
5908.440160 0.389195 0.810692 0.691381 -0.344765 -0.143137 1.377071 -0.320641 0.029684 0.113460 -0.101668 -0.005203 0.441280
5937.350150 0.372861 0.778825 0.684756 -0.329098 -0.151194 1.408318 -0.335469 0.030927 0.127521 -0.097952 -0.005318 0.452729
5966.260140 0.356978 0.747787 0.678131 -0.311261 -0.159243 1.440142 -0.349485 0.032114 0.142906 -0.093688 -0.005402 0.464233
5995.170130 0.311858 0.667541 0.641606 -0.354520 -0.189744 1.474366 -0.416869 0.035915 0.160452 -0.102779 -0.006255 0.476280
6024.080120 0.307695 0.654296 0.638467 -0.309490 -0.190556 1.509088 -0.410798 0.036201 0.179486 -0.092411 -0.005988 0.488267
6052.990110 0.303569 0.641218 0.635328 -0.264577 -0.190969 1.543887 -0.401944 0.036395 0.199910 -0.082198 -0.005708 0.500034
6081.900100 0.299481 0.628309 0.632189 -0.220020 -0.190923 1.578651 -0.389948 0.036485 0.221831 -0.072224 -0.005415 0.511525
6110.810090 0.295428 0.615563 0.629050 -0.176100 -0.190357 1.613337 -0.374426 0.036460 0.245321 -0.062585 -0.005108 0.522688
6139.720080 0.291414 0.602987 0.625912 -0.133136 -0.189197 1.647818 -0.354954 0.036306 0.270497 -0.053392 -0.004788 0.533459
6168.630070 0.257526 0.498335 0.611164 -0.137399 -0.236100 1.685602 -0.392899 0.042439 0.298433 -0.051979 -0.005583 0.544249
6197.540060 0.259009 0.500913 0.611736 -0.081755 -0.222943 1.723731 -0.348939 0.040681 0.328467 -0.041411 -0.004909 0.554564
6226.450050 0.260499 0.503497 0.612307 -0.031834 -0.209835 1.760806 -0.301395 0.038847 0.360316 -0.032461 -0.004287 0.564159
6255.360040 0.261993 0.506091 0.612879 0.011930 -0.196756 1.796673 -0.249930 0.036936 0.394073 -0.025212 -0.003714 0.572967
6284.270030 0.263492 0.508693 0.613450 0.049061 -0.183690 1.831172 -0.194203 0.034947 0.429833 -0.019755 -0.003188 0.580916
6313.180020 0.264997 0.511302 0.614021 0.079045 -0.170619 1.864131 -0.133871 0.032880 0.467695 -0.016194 -0.002707 0.587931
6342.090010 0.266507 0.513921 0.614593 0.101333 -0.157528 1.895368 -0.068584 0.030735 0.507762 -0.014640 -0.002271 0.593933
6371.000000 0.104151 0.203285 0.415164 0.422578 -0.308632 1.957338 -0.010269 0.030075 0.568694 -0.014928 -0.001999 0.599239
