------------------------------------------------------ 
:: Shear Love Number Partial Derivatives 
:: Computed at 11:33PM on March 14, 2024
------------------------------------------------------ 
n = 1 | STRESS SOLUTION | Normalization: mu,kappa = (R_sc*(L_sc**2)*(T_sc**(-2))); rho = R_sc 
    L_sc = 6371000.0 | R_sc = 5500.0 | T_sc = 934.5127555294843 | pi*G = 1.0
 Radius(km)  Mu[non-dim]  Kappa[non-dim]  Rho[non-dim]  dhs_dmu  dhs_dK  dhs_drho  dls_dmu  dls_dK  dls_drho  dks_dmu  dks_dK  dks_drho 
3508.910990 1.146315 2.553721 1.009450 -0.101478 0.127497 -0.769594 -0.566247 -0.170438 1.975637 -0.001581 -0.000413 -0.001581
3537.820980 1.143414 2.542752 1.006818 -0.099753 0.131357 -0.785467 -0.559796 -0.175499 2.005936 -0.001579 -0.000419 -0.001579
3566.730970 1.140510 2.531902 1.004192 -0.098094 0.135311 -0.801790 -0.554400 -0.180683 2.036773 -0.001578 -0.000424 -0.001578
3595.640960 1.137604 2.521089 1.001567 -0.096496 0.139365 -0.818184 -0.550000 -0.185999 2.067543 -0.001573 -0.000430 -0.001573
3624.550950 1.134695 2.510348 0.998945 -0.094956 0.143519 -0.835037 -0.546559 -0.191447 2.098818 -0.001571 -0.000436 -0.001571
3653.460940 1.128388 2.490860 0.996324 -0.093893 0.148342 -0.851968 -0.543545 -0.197208 2.130046 -0.001565 -0.000444 -0.001565
3682.370930 1.121323 2.469388 0.993705 -0.092980 0.153451 -0.869371 -0.541293 -0.203180 2.161754 -0.001563 -0.000450 -0.001563
3711.280920 1.114331 2.448262 0.991088 -0.092106 0.158701 -0.886857 -0.539933 -0.209308 2.193410 -0.001559 -0.000457 -0.001559
3740.190910 1.107359 2.427238 0.988472 -0.091279 0.164112 -0.904829 -0.539409 -0.215608 2.225541 -0.001556 -0.000464 -0.001556
3769.100900 1.100452 2.406518 0.985856 -0.090489 0.169673 -0.922885 -0.539722 -0.222071 2.257597 -0.001554 -0.000470 -0.001554
3798.010890 1.093575 2.385942 0.983241 -0.089741 0.175399 -0.941442 -0.540831 -0.228709 2.290140 -0.001551 -0.000478 -0.001551
3826.920880 1.086736 2.365561 0.980627 -0.089031 0.181290 -0.960082 -0.542724 -0.235521 2.322566 -0.001549 -0.000484 -0.001549
3855.830870 1.079942 2.345393 0.978011 -0.088357 0.187346 -0.979241 -0.545385 -0.242509 2.355499 -0.001547 -0.000492 -0.001547
3884.740860 1.073167 2.325316 0.975396 -0.087723 0.193584 -0.998480 -0.548780 -0.249685 2.388276 -0.001545 -0.000499 -0.001545
3913.650850 1.066446 2.305519 0.972779 -0.087120 0.199987 -1.018256 -0.552925 -0.257036 2.421579 -0.001544 -0.000507 -0.001544
3942.560840 1.059740 2.285794 0.970162 -0.086554 0.206582 -1.038113 -0.557774 -0.264582 2.454703 -0.001543 -0.000515 -0.001543
3971.470830 1.053073 2.266266 0.967543 -0.086021 0.213357 -1.058520 -0.563335 -0.272315 2.488338 -0.001543 -0.000522 -0.001543
4000.380820 1.046429 2.246859 0.964923 -0.085522 0.220327 -1.079012 -0.569587 -0.280246 2.521790 -0.001542 -0.000531 -0.001542
4029.290810 1.039805 2.227568 0.962300 -0.085057 0.227494 -1.100066 -0.576521 -0.288377 2.555735 -0.001542 -0.000538 -0.001542
4058.200800 1.033213 2.208447 0.959674 -0.084622 0.234859 -1.121209 -0.584138 -0.296706 2.589494 -0.001542 -0.000547 -0.001542
4087.110790 1.026631 2.189384 0.957048 -0.084222 0.242437 -1.142927 -0.592413 -0.305249 2.623732 -0.001543 -0.000555 -0.001543
4116.020780 1.020082 2.170505 0.954417 -0.083851 0.250219 -1.164737 -0.601362 -0.313994 2.657773 -0.001544 -0.000564 -0.001544
4144.930770 1.013541 2.151680 0.951783 -0.083515 0.258226 -1.187138 -0.610959 -0.322961 2.692295 -0.001546 -0.000573 -0.001546
4173.840760 1.007019 2.132967 0.949144 -0.083209 0.266455 -1.209631 -0.621210 -0.332145 2.726583 -0.001548 -0.000581 -0.001548
4202.750750 1.000512 2.114349 0.946502 -0.082936 0.274913 -1.232732 -0.632112 -0.341552 2.761367 -0.001550 -0.000590 -0.001550
4231.660740 0.994014 2.095796 0.943858 -0.082695 0.283612 -1.255923 -0.643656 -0.351191 2.795881 -0.001553 -0.000599 -0.001553
4260.570730 0.987532 2.077354 0.941206 -0.082486 0.292549 -1.279743 -0.655853 -0.361058 2.830903 -0.001556 -0.000608 -0.001556
4289.480720 0.981054 2.058945 0.938552 -0.082311 0.301742 -1.303652 -0.668687 -0.371169 2.865626 -0.001560 -0.000618 -0.001560
4318.390710 0.974587 2.040634 0.935890 -0.082169 0.311188 -1.328206 -0.682173 -0.381518 2.900857 -0.001564 -0.000627 -0.001564
4347.300700 0.968124 2.022365 0.933224 -0.082061 0.320902 -1.352854 -0.696303 -0.392118 2.935773 -0.001569 -0.000637 -0.001569
4376.210690 0.961666 2.004156 0.930553 -0.081988 0.330887 -1.378159 -0.711083 -0.402971 2.971181 -0.001574 -0.000646 -0.001574
4405.120680 0.955211 1.985997 0.927874 -0.081951 0.341153 -1.403562 -0.726515 -0.414083 3.006265 -0.001579 -0.000657 -0.001579
4434.030670 0.948758 1.967862 0.925191 -0.081951 0.351713 -1.429637 -0.742596 -0.425464 3.041827 -0.001585 -0.000666 -0.001585
4462.940660 0.942305 1.949790 0.922499 -0.081987 0.362565 -1.455816 -0.759345 -0.437110 3.077052 -0.001591 -0.000677 -0.001591
4491.850650 0.935852 1.931732 0.919802 -0.082063 0.373729 -1.482682 -0.776753 -0.449039 3.112751 -0.001598 -0.000687 -0.001598
4520.760640 0.929395 1.913709 0.917095 -0.082179 0.385208 -1.509652 -0.794835 -0.461249 3.148083 -0.001605 -0.000697 -0.001605
4549.670630 0.922933 1.895702 0.914382 -0.082337 0.397015 -1.537331 -0.813594 -0.473750 3.183895 -0.001613 -0.000709 -0.001613
4578.580620 0.916466 1.877712 0.911661 -0.082538 0.409159 -1.565112 -0.833038 -0.486549 3.219303 -0.001620 -0.000719 -0.001620
4607.490610 0.909991 1.859736 0.908929 -0.082784 0.421652 -1.593623 -0.853177 -0.499651 3.255200 -0.001629 -0.000730 -0.001629
4636.400600 0.903513 1.841764 0.906193 -0.083077 0.434506 -1.622236 -0.874013 -0.513068 3.290659 -0.001638 -0.000741 -0.001638
4665.310590 0.897021 1.823795 0.903443 -0.083419 0.447730 -1.651600 -0.895566 -0.526803 3.326611 -0.001647 -0.000753 -0.001647
4694.220580 0.890523 1.805825 0.900688 -0.083812 0.461340 -1.681069 -0.917837 -0.540868 3.362100 -0.001657 -0.000765 -0.001657
4723.130570 0.884011 1.787849 0.897921 -0.084258 0.475346 -1.711304 -0.940846 -0.555267 3.398069 -0.001667 -0.000776 -0.001667
4752.040560 0.877487 1.769864 0.895145 -0.084761 0.489764 -1.741651 -0.964600 -0.570011 3.433557 -0.001678 -0.000788 -0.001678
4780.950550 0.870954 1.751871 0.892361 -0.085321 0.504605 -1.772780 -0.989109 -0.585109 3.469513 -0.001688 -0.000800 -0.001688
4809.860540 0.864398 1.733853 0.889561 -0.085944 0.519888 -1.804027 -1.014398 -0.600570 3.504969 -0.001700 -0.000812 -0.001700
4838.770530 0.857835 1.715825 0.886757 -0.086630 0.535623 -1.836074 -1.040467 -0.616402 3.540884 -0.001712 -0.000825 -0.001712
4867.680520 0.851246 1.697757 0.883934 -0.087386 0.551836 -1.868244 -1.067346 -0.632620 3.576272 -0.001724 -0.000837 -0.001724
4896.590510 0.844646 1.679673 0.881104 -0.088212 0.568535 -1.901235 -1.095039 -0.649230 3.612118 -0.001737 -0.000850 -0.001737
4925.500500 0.838028 1.661560 0.878263 -0.089113 0.585739 -1.934350 -1.123570 -0.666243 3.647400 -0.001750 -0.000863 -0.001750
4954.410490 0.831387 1.643408 0.875407 -0.090094 0.603473 -1.968310 -1.152956 -0.683673 3.683142 -0.001764 -0.000876 -0.001764
4983.320480 0.824734 1.625234 0.872545 -0.091156 0.621746 -2.002396 -1.183209 -0.701528 3.718285 -0.001778 -0.000889 -0.001778
5012.230470 0.818048 1.607000 0.869661 -0.092308 0.640595 -2.037351 -1.214368 -0.719827 3.753888 -0.001793 -0.000903 -0.001793
5041.140460 0.811351 1.588748 0.866771 -0.093550 0.660023 -2.072436 -1.246431 -0.738573 3.788860 -0.001808 -0.000917 -0.001808
5070.050450 0.804625 1.570438 0.863863 -0.094891 0.680069 -2.108412 -1.279439 -0.757789 3.824284 -0.001823 -0.000931 -0.001823
5098.960440 0.797879 1.552089 0.860944 -0.096333 0.700748 -2.144524 -1.313402 -0.777483 3.859049 -0.001839 -0.000945 -0.001839
5127.870430 0.791112 1.533696 0.858011 -0.097883 0.722087 -2.181548 -1.348346 -0.797672 3.894255 -0.001855 -0.000959 -0.001855
5156.780420 0.784315 1.515242 0.855060 -0.099549 0.744120 -2.218717 -1.384308 -0.818374 3.928776 -0.001872 -0.000974 -0.001872
5185.690410 0.777506 1.496766 0.852103 -0.101330 0.766854 -2.256820 -1.421292 -0.839592 3.963726 -0.001890 -0.000989 -0.001890
5214.600400 0.770655 1.478201 0.849120 -0.103243 0.790354 -2.295077 -1.459357 -0.861365 3.997963 -0.001907 -0.001004 -0.001907
5243.510390 0.763792 1.459612 0.846131 -0.105285 0.814615 -2.334292 -1.498503 -0.883688 4.032622 -0.001925 -0.001020 -0.001925
5272.420380 0.756894 1.440959 0.843121 -0.107470 0.839691 -2.373667 -1.538789 -0.906589 4.066531 -0.001944 -0.001035 -0.001944
5301.330370 0.749972 1.422253 0.840096 -0.109802 0.865611 -2.414028 -1.580229 -0.930085 4.100858 -0.001963 -0.001051 -0.001963
5330.240360 0.743030 1.403503 0.837059 -0.112288 0.892405 -2.454555 -1.622851 -0.954195 4.134396 -0.001982 -0.001067 -0.001982
5359.150350 0.736049 1.384676 0.833998 -0.114943 0.920133 -2.496098 -1.666718 -0.978947 4.168350 -0.002002 -0.001084 -0.002002
5388.060340 0.729055 1.365824 0.830929 -0.117765 0.948800 -2.537814 -1.711829 -1.004344 4.201477 -0.002023 -0.001101 -0.002023
5416.970330 0.722018 1.346884 0.827834 -0.120776 0.978494 -2.580576 -1.758269 -1.030434 4.235012 -0.002043 -0.001117 -0.002043
5445.880320 0.714964 1.327909 0.824728 -0.123975 1.009223 -2.623521 -1.806035 -1.057219 4.267687 -0.002065 -0.001135 -0.002065
5474.790310 0.707880 1.308871 0.821602 -0.127379 1.041056 -2.667540 -1.855194 -1.084736 4.300757 -0.002086 -0.001152 -0.002086
5503.700300 0.700765 1.289774 0.818456 -0.130996 1.074041 -2.711757 -1.905791 -1.113007 4.332935 -0.002108 -0.001170 -0.002108
5532.610290 0.693632 1.270642 0.815298 -0.134835 1.108212 -2.757076 -1.957850 -1.142049 4.365496 -0.002131 -0.001188 -0.002131
5561.520280 0.686455 1.251431 0.812111 -0.138915 1.143667 -2.802608 -2.011480 -1.171908 4.397129 -0.002154 -0.001207 -0.002154
5590.430270 0.679268 1.232200 0.808918 -0.143238 1.180413 -2.849275 -2.066652 -1.202590 4.429136 -0.002178 -0.001225 -0.002178
5619.340260 0.662991 1.215747 0.805695 -0.148677 1.213860 -2.896213 -2.172403 -1.219782 4.460120 -0.002234 -0.001225 -0.002234
5648.250250 0.642425 1.200737 0.802455 -0.154897 1.245897 -2.944519 -2.311668 -1.229544 4.491209 -0.002308 -0.001214 -0.002308
5677.160240 0.622177 1.185705 0.799197 -0.161521 1.278881 -2.993293 -2.462138 -1.238903 4.520995 -0.002386 -0.001202 -0.002386
5706.070230 0.483726 0.997969 0.725625 -0.216412 1.572194 -3.044268 -3.446622 -1.309975 4.550954 -0.002566 -0.001159 -0.002566
5734.980220 0.479035 0.987167 0.724402 -0.222748 1.614390 -3.098956 -3.548739 -1.337466 4.579965 -0.002614 -0.001169 -0.002614
5763.890210 0.474371 0.976437 0.723178 -0.229360 1.657542 -3.154706 -3.653751 -1.365263 4.608686 -0.002662 -0.001179 -0.002662
5792.800200 0.459173 0.946661 0.717880 -0.240628 1.742789 -3.211288 -3.874188 -1.407083 4.636585 -0.002716 -0.001191 -0.002716
5821.710190 0.440968 0.911369 0.711255 -0.253652 1.848210 -3.269647 -4.153185 -1.455197 4.664283 -0.002774 -0.001202 -0.002774
5850.620180 0.423241 0.876949 0.704631 -0.267003 1.961678 -3.329440 -4.459520 -1.505263 4.691185 -0.002835 -0.001214 -0.002835
5879.530170 0.405987 0.843396 0.698006 -0.280663 2.083924 -3.391212 -4.796201 -1.557351 4.717836 -0.002899 -0.001225 -0.002899
5908.440160 0.389195 0.810692 0.691381 -0.294615 2.215800 -3.454604 -5.166811 -1.611534 4.743617 -0.002966 -0.001235 -0.002966
5937.350150 0.372861 0.778825 0.684756 -0.308829 2.358227 -3.520186 -5.575247 -1.667889 4.769080 -0.003036 -0.001244 -0.003036
5966.260140 0.356978 0.747787 0.678131 -0.323271 2.512234 -3.587606 -6.025977 -1.726483 4.793591 -0.003110 -0.001253 -0.003110
5995.170130 0.311858 0.667541 0.641606 -0.324477 2.947245 -3.660247 -7.538536 -1.851222 4.817819 -0.003246 -0.001255 -0.003246
6024.080120 0.307695 0.654296 0.638467 -0.340856 3.058984 -3.734961 -7.769233 -1.903603 4.841269 -0.003299 -0.001269 -0.003299
6052.990110 0.303569 0.641218 0.635328 -0.358127 3.174870 -3.811258 -8.007052 -1.957058 4.863975 -0.003353 -0.001282 -0.003353
6081.900100 0.299481 0.628309 0.632189 -0.376343 3.295041 -3.889012 -8.252187 -2.011581 4.885720 -0.003407 -0.001294 -0.003407
6110.810090 0.295428 0.615563 0.629050 -0.395552 3.419696 -3.968419 -8.504908 -2.067188 4.906657 -0.003462 -0.001307 -0.003462
6139.720080 0.291414 0.602987 0.625912 -0.415817 3.548942 -4.049352 -8.765397 -2.123851 4.926564 -0.003517 -0.001319 -0.003517
6168.630070 0.257526 0.498335 0.611164 -0.300806 4.576565 -4.136961 -10.609147 -2.506302 4.947921 -0.003411 -0.001451 -0.003411
6197.540060 0.259009 0.500913 0.611736 -0.360370 4.591847 -4.227184 -10.591391 -2.523243 4.968633 -0.003481 -0.001445 -0.003481
6226.450050 0.260499 0.503497 0.612307 -0.416785 4.606913 -4.318202 -10.580692 -2.540056 4.987859 -0.003552 -0.001439 -0.003552
6255.360040 0.261993 0.506091 0.612879 -0.470144 4.621743 -4.409995 -10.576910 -2.556722 5.005555 -0.003625 -0.001433 -0.003625
6284.270030 0.263492 0.508693 0.613450 -0.520528 4.636343 -4.502541 -10.579769 -2.573247 5.021681 -0.003700 -0.001427 -0.003700
6313.180020 0.264997 0.511302 0.614021 -0.568015 4.650743 -4.595820 -10.589052 -2.589645 5.036195 -0.003776 -0.001421 -0.003776
6342.090010 0.266507 0.513921 0.614593 -0.612688 4.664915 -4.689812 -10.604576 -2.605898 5.049056 -0.003855 -0.001416 -0.003855
6371.000000 0.104151 0.203285 0.415164 5.036601 18.088360 -4.846969 -59.199895 -4.645147 5.077505 -0.004016 -0.001406 -0.004016
