------------------------------------------------------ 
:: Shear Love Number Partial Derivatives 
:: Computed at 11:33PM on March 14, 2024
------------------------------------------------------ 
n = 3 | Normalization: mu,kappa = (R_sc*(L_sc**2)*(T_sc**(-2))); rho = R_sc 
    L_sc = 6371000.0 | R_sc = 5500.0 | T_sc = 934.5127555294843 | pi*G = 1.0
 Radius(km)  Mu[non-dim]  Kappa[non-dim]  Rho[non-dim]  dhs_dmu  dhs_dK  dhs_drho  dls_dmu  dls_dK  dls_drho  dks_dmu  dks_dK  dks_drho 
3508.910990 1.146315 2.553721 1.009450 0.259766 -0.001496 -0.063578 -0.026667 -0.000052 0.301371 0.080843 -0.000750 0.005467
3537.820980 1.143414 2.542752 1.006818 0.242588 -0.001996 -0.068339 -0.024617 -0.000110 0.306939 0.075646 -0.001047 0.004274
3566.730970 1.140510 2.531902 1.004192 0.227485 -0.002380 -0.073316 -0.022793 -0.000191 0.312585 0.071096 -0.001315 0.003036
3595.640960 1.137604 2.521089 1.001567 0.214138 -0.002650 -0.078072 -0.021161 -0.000293 0.318242 0.067094 -0.001555 0.001856
3624.550950 1.134695 2.510348 0.998945 0.202270 -0.002809 -0.083055 -0.019694 -0.000418 0.323977 0.063550 -0.001767 0.000631
3653.460940 1.128388 2.490860 0.996324 0.191763 -0.002860 -0.087807 -0.018377 -0.000568 0.329723 0.060423 -0.001961 -0.000531
3682.370930 1.121323 2.469388 0.993705 0.182336 -0.002798 -0.092793 -0.017182 -0.000742 0.335549 0.057630 -0.002132 -0.001740
3711.280920 1.114331 2.448262 0.991088 0.173775 -0.002622 -0.097541 -0.016089 -0.000941 0.341386 0.055105 -0.002278 -0.002882
3740.190910 1.107359 2.427238 0.988472 0.165919 -0.002334 -0.102533 -0.015084 -0.001165 0.347306 0.052797 -0.002400 -0.004072
3769.100900 1.100452 2.406518 0.985856 0.158621 -0.001933 -0.107285 -0.014154 -0.001414 0.353236 0.050661 -0.002500 -0.005192
3798.010890 1.093575 2.385942 0.983241 0.151757 -0.001418 -0.112294 -0.013289 -0.001689 0.359252 0.048657 -0.002578 -0.006361
3826.920880 1.086736 2.365561 0.980627 0.145214 -0.000789 -0.117060 -0.012480 -0.001990 0.365279 0.046750 -0.002633 -0.007457
3855.830870 1.079942 2.345393 0.978011 0.138894 -0.000044 -0.122097 -0.011721 -0.002319 0.371394 0.044907 -0.002668 -0.008603
3884.740860 1.073167 2.325316 0.975396 0.132712 0.000817 -0.126890 -0.011008 -0.002676 0.377521 0.043104 -0.002681 -0.009674
3913.650850 1.066446 2.305519 0.972779 0.126590 0.001796 -0.131970 -0.010336 -0.003061 0.383738 0.041314 -0.002674 -0.010795
3942.560840 1.059740 2.285794 0.970162 0.120464 0.002896 -0.136805 -0.009703 -0.003476 0.389968 0.039518 -0.002646 -0.011839
3971.470830 1.053073 2.266266 0.967543 0.114273 0.004118 -0.141942 -0.009109 -0.003922 0.396292 0.037696 -0.002598 -0.012933
4000.380820 1.046429 2.246859 0.964923 0.107970 0.005466 -0.146835 -0.008555 -0.004399 0.402629 0.035833 -0.002531 -0.013947
4029.290810 1.039805 2.227568 0.962300 0.101508 0.006941 -0.152045 -0.008040 -0.004909 0.409062 0.033913 -0.002443 -0.015012
4058.200800 1.033213 2.208447 0.959674 0.094848 0.008548 -0.157013 -0.007568 -0.005454 0.415510 0.031925 -0.002335 -0.015993
4087.110790 1.026631 2.189384 0.957048 0.087958 0.010290 -0.162315 -0.007142 -0.006033 0.422057 0.029857 -0.002207 -0.017024
4116.020780 1.020082 2.170505 0.954417 0.080807 0.012170 -0.167375 -0.006767 -0.006649 0.428619 0.027700 -0.002059 -0.017968
4144.930770 1.013541 2.151680 0.951783 0.073372 0.014192 -0.172786 -0.006447 -0.007303 0.435283 0.025445 -0.001891 -0.018963
4173.840760 1.007019 2.132967 0.949144 0.065630 0.016362 -0.177957 -0.006189 -0.007996 0.441963 0.023086 -0.001703 -0.019865
4202.750750 1.000512 2.114349 0.946502 0.057565 0.018683 -0.183498 -0.006000 -0.008730 0.448750 0.020615 -0.001495 -0.020818
4231.660740 0.994014 2.095796 0.943858 0.049162 0.021160 -0.188797 -0.005888 -0.009507 0.455552 0.018027 -0.001265 -0.021673
4260.570730 0.987532 2.077354 0.941206 0.040407 0.023799 -0.194486 -0.005860 -0.010327 0.462464 0.015319 -0.001015 -0.022577
4289.480720 0.981054 2.058945 0.938552 0.031293 0.026606 -0.199934 -0.005928 -0.011193 0.469392 0.012486 -0.000744 -0.023378
4318.390710 0.974587 2.040634 0.935890 0.021811 0.029586 -0.205792 -0.006100 -0.012107 0.476433 0.009525 -0.000452 -0.024227
4347.300700 0.968124 2.022365 0.933224 0.011957 0.032746 -0.211410 -0.006389 -0.013071 0.483492 0.006434 -0.000138 -0.024966
4376.210690 0.961666 2.004156 0.930553 0.001728 0.036092 -0.217455 -0.006807 -0.014086 0.490666 0.003211 0.000199 -0.025751
4405.120680 0.955211 1.985997 0.927874 -0.008877 0.039631 -0.223264 -0.007367 -0.015154 0.497859 -0.000146 0.000558 -0.026419
4434.030670 0.948758 1.967862 0.925191 -0.019857 0.043371 -0.229517 -0.008082 -0.016279 0.505170 -0.003636 0.000940 -0.027130
4462.940660 0.942305 1.949790 0.922499 -0.031209 0.047319 -0.235538 -0.008969 -0.017461 0.512501 -0.007261 0.001346 -0.027717
4491.850650 0.935852 1.931732 0.919802 -0.042930 0.051484 -0.242022 -0.010042 -0.018704 0.519954 -0.011020 0.001775 -0.028343
4520.760640 0.929395 1.913709 0.917095 -0.055012 0.055874 -0.248275 -0.011320 -0.020010 0.527425 -0.014911 0.002230 -0.028837
4549.670630 0.922933 1.895702 0.914382 -0.067448 0.060498 -0.255013 -0.012819 -0.021382 0.535023 -0.018935 0.002709 -0.029364
4578.580620 0.916466 1.877712 0.911661 -0.080228 0.065366 -0.261519 -0.014560 -0.022822 0.542639 -0.023088 0.003214 -0.029751
4607.490610 0.909991 1.859736 0.908929 -0.093342 0.070487 -0.268532 -0.016563 -0.024333 0.550385 -0.027370 0.003746 -0.030167
4636.400600 0.903513 1.841764 0.906193 -0.106776 0.075872 -0.275313 -0.018850 -0.025918 0.558150 -0.031776 0.004304 -0.030430
4665.310590 0.897021 1.823795 0.903443 -0.120516 0.081531 -0.282624 -0.021443 -0.027580 0.566047 -0.036304 0.004891 -0.030717
4694.220580 0.890523 1.805825 0.900688 -0.134545 0.087477 -0.289706 -0.024367 -0.029323 0.573963 -0.040950 0.005506 -0.030841
4723.130570 0.884011 1.787849 0.897921 -0.148847 0.093721 -0.297336 -0.027648 -0.031149 0.582014 -0.045709 0.006150 -0.030981
4752.040560 0.877487 1.769864 0.895145 -0.163399 0.100276 -0.304740 -0.031313 -0.033062 0.590085 -0.050577 0.006824 -0.030946
4780.950550 0.870954 1.751871 0.892361 -0.178181 0.107154 -0.312712 -0.035390 -0.035067 0.598292 -0.055548 0.007529 -0.030918
4809.860540 0.864398 1.733853 0.889561 -0.193171 0.114370 -0.320462 -0.039910 -0.037166 0.606519 -0.060617 0.008266 -0.030702
4838.770530 0.857835 1.715825 0.886757 -0.208339 0.121938 -0.328799 -0.044906 -0.039363 0.614885 -0.065776 0.009035 -0.030483
4867.680520 0.851246 1.697757 0.883934 -0.223663 0.129873 -0.336918 -0.050410 -0.041663 0.623271 -0.071018 0.009839 -0.030061
4896.590510 0.844646 1.679673 0.881104 -0.239108 0.138191 -0.345646 -0.056459 -0.044071 0.631798 -0.076334 0.010676 -0.029627
4925.500500 0.838028 1.661560 0.878263 -0.254644 0.146909 -0.354155 -0.063091 -0.046590 0.640342 -0.081717 0.011549 -0.028973
4954.410490 0.831387 1.643408 0.875407 -0.270237 0.156044 -0.363297 -0.070345 -0.049225 0.649031 -0.087156 0.012459 -0.028294
4983.320480 0.824734 1.625234 0.872545 -0.285845 0.165613 -0.372218 -0.078262 -0.051981 0.657736 -0.092639 0.013406 -0.027378
5012.230470 0.818048 1.607000 0.869661 -0.301440 0.175639 -0.381798 -0.086889 -0.054863 0.666586 -0.098159 0.014393 -0.026424
5041.140460 0.811351 1.588748 0.866771 -0.316965 0.186137 -0.391158 -0.096270 -0.057877 0.675451 -0.103700 0.015418 -0.025214
5070.050450 0.804625 1.570438 0.863863 -0.332388 0.197132 -0.401196 -0.106456 -0.061028 0.684463 -0.109250 0.016485 -0.023950
5098.960440 0.797879 1.552089 0.860944 -0.347652 0.208644 -0.411018 -0.117498 -0.064323 0.693488 -0.114794 0.017594 -0.022409
5127.870430 0.791112 1.533696 0.858011 -0.362707 0.220697 -0.421537 -0.129450 -0.067766 0.702659 -0.120316 0.018746 -0.020797
5156.780420 0.784315 1.515242 0.855060 -0.377506 0.233317 -0.431843 -0.142372 -0.071364 0.711842 -0.125802 0.019943 -0.018886
5185.690410 0.777506 1.496766 0.852103 -0.391975 0.246523 -0.442866 -0.156322 -0.075124 0.721170 -0.131229 0.021186 -0.016884
5214.600400 0.770655 1.478201 0.849120 -0.406078 0.260352 -0.453679 -0.171366 -0.079054 0.730507 -0.136585 0.022476 -0.014558
5243.510390 0.763792 1.459612 0.846131 -0.419722 0.274822 -0.465230 -0.187571 -0.083159 0.739990 -0.141841 0.023814 -0.012121
5272.420380 0.756894 1.440959 0.843121 -0.432860 0.289969 -0.476569 -0.205009 -0.087448 0.749477 -0.146980 0.025202 -0.009332
5301.330370 0.749972 1.422253 0.840096 -0.445407 0.305821 -0.488669 -0.223754 -0.091928 0.759109 -0.151977 0.026641 -0.006409
5330.240360 0.743030 1.403503 0.837059 -0.457283 0.322410 -0.500555 -0.243885 -0.096608 0.768739 -0.156804 0.028133 -0.003105
5359.150350 0.736049 1.384676 0.833998 -0.468423 0.339776 -0.513226 -0.265489 -0.101496 0.778514 -0.161438 0.029679 0.000359
5388.060340 0.729055 1.365824 0.830929 -0.478712 0.357944 -0.525679 -0.288649 -0.106600 0.788281 -0.165842 0.031279 0.004238
5416.970330 0.722018 1.346884 0.827834 -0.488093 0.376966 -0.538938 -0.313463 -0.111932 0.798190 -0.169994 0.032938 0.008303
5445.880320 0.714964 1.327909 0.824728 -0.496439 0.396870 -0.551980 -0.340025 -0.117500 0.808085 -0.173851 0.034654 0.012818
5474.790310 0.707880 1.308871 0.821602 -0.503663 0.417704 -0.565845 -0.368440 -0.123314 0.818118 -0.177382 0.036430 0.017552
5503.700300 0.700765 1.289774 0.818456 -0.509656 0.439511 -0.579492 -0.398819 -0.129386 0.828129 -0.180547 0.038267 0.022773
5532.610290 0.693632 1.270642 0.815298 -0.514286 0.462331 -0.593980 -0.431272 -0.135725 0.838272 -0.183299 0.040166 0.028248
5561.520280 0.686455 1.251431 0.812111 -0.517471 0.486226 -0.608248 -0.465932 -0.142344 0.848386 -0.185604 0.042130 0.034251
5590.430270 0.679268 1.232200 0.808918 -0.519031 0.511230 -0.623376 -0.502912 -0.149255 0.858626 -0.187402 0.044159 0.040546
5619.340260 0.662991 1.215747 0.805695 -0.528630 0.533270 -0.638290 -0.551704 -0.154422 0.868828 -0.191994 0.045808 0.047436
5648.250250 0.642425 1.200737 0.802455 -0.541952 0.553708 -0.654134 -0.610338 -0.158608 0.879155 -0.197945 0.047199 0.054760
5677.160240 0.622177 1.185705 0.799197 -0.553994 0.574493 -0.669805 -0.675185 -0.162786 0.889434 -0.203550 0.048531 0.062826
5706.070230 0.483726 0.997969 0.725625 -0.892787 0.664682 -0.686853 -0.944984 -0.169748 0.899923 -0.300296 0.053571 0.071559
5734.980220 0.479035 0.987167 0.724402 -0.882655 0.693219 -0.705405 -1.014931 -0.177312 0.910745 -0.298201 0.055226 0.081842
5763.890210 0.474371 0.976437 0.723178 -0.868925 0.722710 -0.724582 -1.089342 -0.185113 0.921575 -0.294978 0.056891 0.092734
5792.800200 0.459173 0.946661 0.717880 -0.895667 0.765168 -0.743956 -1.198668 -0.194250 0.932357 -0.302470 0.059234 0.104435
5821.710190 0.440968 0.911369 0.711255 -0.937004 0.814283 -0.764340 -1.330184 -0.204159 0.943211 -0.313328 0.061820 0.116971
5850.620180 0.423241 0.876949 0.704631 -0.978902 0.866494 -0.785238 -1.476630 -0.214497 0.954057 -0.323601 0.064416 0.130541
5879.530170 0.405987 0.843396 0.698006 -1.021153 0.921998 -0.807254 -1.639795 -0.225268 0.964954 -0.333066 0.067011 0.145083
5908.440160 0.389195 0.810692 0.691381 -1.063562 0.981014 -0.829878 -1.821762 -0.236478 0.975814 -0.341475 0.069591 0.160805
5937.350150 0.372861 0.778825 0.684756 -1.105836 1.043767 -0.853732 -2.024854 -0.248131 0.986695 -0.348516 0.072139 0.177655
5966.260140 0.356978 0.747787 0.678131 -1.147636 1.110496 -0.878301 -2.251726 -0.260224 0.997502 -0.353824 0.074636 0.195856
5995.170130 0.311858 0.667541 0.641606 -1.457553 1.248985 -0.905860 -2.829093 -0.275506 1.008586 -0.426317 0.079463 0.216253
6024.080120 0.307695 0.654296 0.638467 -1.413099 1.310610 -0.934376 -3.016897 -0.289641 1.019533 -0.404329 0.081380 0.238082
6052.990110 0.303569 0.641218 0.635328 -1.361271 1.374784 -0.963602 -3.216455 -0.304289 1.030257 -0.379123 0.083252 0.261185
6081.900100 0.299481 0.628309 0.632189 -1.301450 1.441585 -0.993332 -3.428369 -0.319460 1.040707 -0.350409 0.085068 0.285671
6110.810090 0.295428 0.615563 0.629050 -1.233017 1.511115 -1.023762 -3.653305 -0.335164 1.050874 -0.317884 0.086820 0.311559
6139.720080 0.291414 0.602987 0.625912 -1.155269 1.583439 -1.054679 -3.891921 -0.351408 1.060703 -0.281221 0.088495 0.338963
6168.630070 0.257526 0.498335 0.611164 -1.549654 1.945778 -1.089829 -4.746300 -0.405702 1.070801 -0.321215 0.101146 0.368889
6197.540060 0.259009 0.500913 0.611736 -1.382212 1.991211 -1.126222 -4.915331 -0.420489 1.080568 -0.255770 0.100917 0.400660
6226.450050 0.260499 0.503497 0.612307 -1.203335 2.037304 -1.162511 -5.094614 -0.435548 1.089745 -0.187646 0.100651 0.433964
6255.360040 0.261993 0.506091 0.612879 -1.012439 2.084059 -1.198625 -5.284206 -0.450877 1.098295 -0.116629 0.100349 0.468858
6284.270030 0.263492 0.508693 0.613450 -0.808941 2.131496 -1.234493 -5.484126 -0.466480 1.106180 -0.042507 0.100011 0.505402
6313.180020 0.264997 0.511302 0.614021 -0.592274 2.179642 -1.270040 -5.694434 -0.482363 1.113360 0.034930 0.099639 0.543655
6342.090010 0.266507 0.513921 0.614593 -0.361852 2.228499 -1.305190 -5.915210 -0.498526 1.119799 0.115889 0.099232 0.583681
6371.000000 0.104151 0.203285 0.415164 -4.600092 4.609349 -1.388110 -26.618966 -0.531800 1.129509 0.193295 0.100614 0.641811
