------------------------------------------------------ 
:: Load Greens Functions | CE Reference Frame 
:: Computed at 11:32PM on March 14, 2024
------------------------------------------------------ 
theta | radial displacement (m/kg) | horizontal disp (m/kg) | r-disp*(a*th*10^12) | h-disp*(a*th*10^12) | gE*(10^18*(a*th)) | tE*(10^12*(a*th)^2) | e_rr*(10^18*(a*th)) | e_tt*(10^12*(a*th)^2) | e_ll*(10^12*(a*th)^2) | gN*(10^18*(a*th)) | tN*(10^12*(a*th)^2) 
0.00010 -3.7923e-12 -1.1550e-12 -4.2168e+01 -1.2843e+01 -1.0190e+02 4.2190e+01 5.2063e+00 1.2843e+01 -1.2843e+01 -5.2362e+00 6.7952e+00
0.00100 -3.7750e-13 -1.1549e-13 -4.1976e+01 -1.2842e+01 -1.0145e+02 4.2189e+01 2.8330e+00 1.2842e+01 -1.2843e+01 -5.2362e+00 6.7952e+00
0.01000 -3.6039e-14 -1.1517e-14 -4.0074e+01 -1.2806e+01 -9.6946e+01 4.2172e+01 -2.0751e+01 1.2872e+01 -1.2813e+01 -5.2362e+00 6.7952e+00
0.02000 -1.7083e-14 -5.7096e-15 -3.7991e+01 -1.2697e+01 -9.2012e+01 4.2108e+01 -4.6093e+01 1.2973e+01 -1.2711e+01 -5.2362e+00 6.7952e+00
0.03000 -1.0779e-14 -3.7530e-15 -3.5957e+01 -1.2519e+01 -8.7186e+01 4.1958e+01 -6.9733e+01 1.3133e+01 -1.2538e+01 -5.2362e+00 6.7952e+00
0.04000 -7.6420e-15 -2.7605e-15 -3.3990e+01 -1.2278e+01 -8.2510e+01 4.1685e+01 -9.0959e+01 1.3336e+01 -1.2302e+01 -5.2362e+00 6.7952e+00
0.06000 -4.5454e-15 -1.7444e-15 -3.0325e+01 -1.1638e+01 -7.3762e+01 4.0681e+01 -1.2410e+02 1.3786e+01 -1.1670e+01 -5.2362e+00 6.7952e+00
0.08000 -3.0464e-15 -1.2199e-15 -2.7099e+01 -1.0852e+01 -6.6001e+01 3.9019e+01 -1.4318e+02 1.4145e+01 -1.0889e+01 -5.2362e+00 6.7952e+00
0.10000 -2.1909e-15 -8.9917e-16 -2.4362e+01 -9.9983e+00 -5.9347e+01 3.6779e+01 -1.4861e+02 1.4265e+01 -1.0041e+01 -5.2362e+00 6.7952e+00
0.16000 -1.0641e-15 -4.3060e-16 -1.8932e+01 -7.6609e+00 -4.5737e+01 2.8616e+01 -1.1107e+02 1.2765e+01 -7.7138e+00 -5.2362e+00 6.7952e+00
0.20000 -7.6794e-16 -2.9655e-16 -1.7078e+01 -6.5950e+00 -4.0765e+01 2.3847e+01 -7.2365e+01 1.0768e+01 -6.6546e+00 -5.2362e+00 6.7952e+00
0.25000 -5.7170e-16 -2.0977e-16 -1.5892e+01 -5.8315e+00 -3.7268e+01 1.9754e+01 -3.3592e+01 8.2878e+00 -5.9008e+00 -5.2362e+00 6.7952e+00
0.30000 -4.6009e-16 -1.6521e-16 -1.5348e+01 -5.5112e+00 -3.5393e+01 1.7495e+01 -9.9934e+00 6.4436e+00 -5.5915e+00 -5.2362e+00 6.7952e+00
0.40000 -3.3518e-16 -1.2328e-16 -1.4908e+01 -5.4832e+00 -3.3522e+01 1.6029e+01 7.0577e+00 4.7847e+00 -5.5872e+00 -5.2362e+00 6.7952e+00
0.50000 -2.6305e-16 -1.0183e-16 -1.4625e+01 -5.6613e+00 -3.2373e+01 1.6001e+01 7.8951e+00 4.6667e+00 -5.7887e+00 -5.2362e+00 6.7952e+00
0.60000 -2.1454e-16 -8.6928e-17 -1.4314e+01 -5.7996e+00 -3.1381e+01 1.6197e+01 5.2476e+00 5.0543e+00 -5.9493e+00 -5.2363e+00 6.7952e+00
0.80000 -1.5299e-16 -6.5854e-17 -1.3609e+01 -5.8581e+00 -2.9557e+01 1.6395e+01 6.9000e-01 5.8908e+00 -6.0477e+00 -5.2363e+00 6.7952e+00
1.00000 -1.1583e-16 -5.1578e-17 -1.2880e+01 -5.7352e+00 -2.7891e+01 1.6331e+01 -1.4597e+00 6.3743e+00 -5.9594e+00 -5.2363e+00 6.7952e+00
1.20000 -9.1220e-17 -4.1490e-17 -1.2172e+01 -5.5362e+00 -2.6356e+01 1.6124e+01 -2.3333e+00 6.5862e+00 -5.7903e+00 -5.2363e+00 6.7951e+00
1.60000 -6.1107e-17 -2.8543e-17 -1.0872e+01 -5.0781e+00 -2.3621e+01 1.5477e+01 -2.7450e+00 6.6288e+00 -5.3804e+00 -5.2364e+00 6.7950e+00
2.00000 -4.3814e-17 -2.0801e-17 -9.7438e+00 -4.6259e+00 -2.1270e+01 1.4654e+01 -2.6514e+00 6.4714e+00 -4.9641e+00 -5.2365e+00 6.7949e+00
2.50000 -3.0811e-17 -1.4784e-17 -8.5651e+00 -4.1096e+00 -1.8798e+01 1.3512e+01 -2.3603e+00 6.1580e+00 -4.4808e+00 -5.2366e+00 6.7947e+00
3.00000 -2.2812e-17 -1.0966e-17 -7.6099e+00 -3.6581e+00 -1.6768e+01 1.2351e+01 -2.0173e+00 5.7734e+00 -4.0532e+00 -5.2368e+00 6.7945e+00
4.00000 -1.3976e-17 -6.6113e-18 -6.2163e+00 -2.9406e+00 -1.3728e+01 1.0220e+01 -1.3736e+00 4.9314e+00 -3.3698e+00 -5.2373e+00 6.7939e+00
5.00000 -9.5396e-18 -4.3651e-18 -5.3038e+00 -2.4269e+00 -1.1652e+01 8.4695e+00 -8.6534e-01 4.1134e+00 -2.8835e+00 -5.2379e+00 6.7931e+00
6.00000 -7.0431e-18 -3.0960e-18 -4.6989e+00 -2.0656e+00 -1.0206e+01 7.0984e+00 -4.8076e-01 3.3700e+00 -2.5501e+00 -5.2386e+00 6.7921e+00
7.00000 -5.5122e-18 -2.3336e-18 -4.2905e+00 -1.8164e+00 -9.1740e+00 6.0615e+00 -1.9569e-01 2.7209e+00 -2.3315e+00 -5.2395e+00 6.7910e+00
8.00000 -4.5037e-18 -1.8530e-18 -4.0063e+00 -1.6483e+00 -8.4136e+00 5.2998e+00 8.9745e-03 2.1766e+00 -2.1970e+00 -5.2405e+00 6.7897e+00
9.00000 -3.7971e-18 -1.5364e-18 -3.7999e+00 -1.5375e+00 -7.8311e+00 4.7531e+00 1.5013e-01 1.7377e+00 -2.1218e+00 -5.2416e+00 6.7882e+00
10.00000 -3.2743e-18 -1.3185e-18 -3.6409e+00 -1.4661e+00 -7.3647e+00 4.3655e+00 2.4286e-01 1.3964e+00 -2.0867e+00 -5.2429e+00 6.7866e+00
12.00000 -2.5472e-18 -1.0434e-18 -3.3989e+00 -1.3923e+00 -6.6433e+00 3.9037e+00 3.3240e-01 9.4993e-01 -2.0837e+00 -5.2458e+00 6.7828e+00
16.00000 -1.6917e-18 -7.5611e-19 -3.0097e+00 -1.3452e+00 -5.5846e+00 3.5448e+00 3.3555e-01 6.2453e-01 -2.1505e+00 -5.2533e+00 6.7730e+00
20.00000 -1.1793e-18 -5.8926e-19 -2.6226e+00 -1.3105e+00 -4.7302e+00 3.4243e+00 2.7475e-01 6.1036e-01 -2.1723e+00 -5.2629e+00 6.7604e+00
25.00000 -7.5258e-19 -4.4599e-19 -2.0921e+00 -1.2398e+00 -3.7816e+00 3.3743e+00 1.8388e-01 7.6630e-01 -2.0729e+00 -5.2780e+00 6.7404e+00
30.00000 -4.5147e-19 -3.4018e-19 -1.5060e+00 -1.1348e+00 -2.9053e+00 3.3355e+00 8.6861e-02 1.0770e+00 -1.8177e+00 -5.2965e+00 6.7157e+00
40.00000 -5.7447e-20 -1.8796e-19 -2.5551e-01 -8.3601e-01 -1.3569e+00 2.9429e+00 -1.0058e-01 2.0174e+00 -8.7395e-01 -5.3441e+00 6.6512e+00
50.00000 1.5897e-19 -8.8890e-20 8.8385e-01 -4.9420e-01 -2.1089e-01 1.8808e+00 -2.3100e-01 2.8736e+00 4.0942e-01 -5.4061e+00 6.5648e+00
60.00000 2.5460e-19 -3.4835e-20 1.6986e+00 -2.3241e-01 4.2409e-01 3.1785e-01 -2.7961e-01 3.1304e+00 1.6383e+00 -5.4834e+00 6.4535e+00
70.00000 2.6810e-19 -1.8023e-20 2.0868e+00 -1.4028e-01 5.6919e-01 -1.3501e+00 -2.5813e-01 2.6487e+00 2.4872e+00 -5.5766e+00 6.3136e+00
80.00000 2.2961e-19 -2.7071e-20 2.0426e+00 -2.4082e-01 3.3274e-01 -2.7773e+00 -1.9232e-01 1.5805e+00 2.7927e+00 -5.6871e+00 6.1404e+00
90.00000 1.6162e-19 -4.9930e-20 1.6174e+00 -4.9968e-01 -1.5105e-01 -3.7686e+00 -1.0662e-01 1.8702e-01 2.5406e+00 -5.8160e+00 5.9279e+00
100.00000 7.9971e-20 -7.6368e-20 8.8923e-01 -8.4917e-01 -7.6114e-01 -4.2724e+00 -1.8608e-02 -1.2844e+00 1.8133e+00 -5.9650e+00 5.6684e+00
110.00000 -4.6593e-21 -9.8965e-20 -5.6990e-02 -1.2105e+00 -1.4061e+00 -4.3368e+00 6.1396e-02 -2.6561e+00 7.3644e-01 -6.1361e+00 5.3524e+00
120.00000 -8.5360e-20 -1.1313e-19 -1.1390e+00 -1.5095e+00 -2.0267e+00 -4.0618e+00 1.2877e-01 -3.8319e+00 -5.6025e-01 -6.3316e+00 4.9679e+00
130.00000 -1.5779e-19 -1.1664e-19 -2.2809e+00 -1.6861e+00 -2.5911e+00 -3.5616e+00 1.8278e-01 -4.7888e+00 -1.9652e+00 -6.5544e+00 4.4997e+00
140.00000 -2.1929e-19 -1.0914e-19 -3.4137e+00 -1.6991e+00 -3.0878e+00 -2.9372e+00 2.2496e-01 -5.5583e+00 -3.3936e+00 -6.8078e+00 3.9286e+00
150.00000 -2.6826e-19 -9.1597e-20 -4.4743e+00 -1.5278e+00 -3.5182e+00 -2.2596e+00 2.5786e-01 -6.2079e+00 -4.7860e+00 -7.0960e+00 3.2299e+00
160.00000 -3.0375e-19 -6.5868e-20 -5.4040e+00 -1.1719e+00 -3.8894e+00 -1.5606e+00 2.8419e-01 -6.8248e+00 -6.0998e+00 -7.4239e+00 2.3720e+00
170.00000 -3.2523e-19 -3.4406e-20 -6.1478e+00 -6.5039e-01 -4.2096e+00 -8.2765e-01 3.0626e-01 -7.5021e+00 -7.2967e+00 -7.7978e+00 1.3134e+00
180.00000 -3.3241e-19 0.0000e+00 -6.6533e+00 0.0000e+00 -4.4826e+00 0.0000e+00 3.2552e-01 -8.3272e+00 -8.3272e+00 -8.2250e+00 -0.0000e+00
