Extension/Epoch  Lat(+N,deg)  Lon(+E,deg)  E-Amp(mm)  E-Pha(deg)  N-Amp(mm)  N-Pha(deg)  U-Amp(mm)  U-Pha(deg) 
20160116000000      29.97800000      267.89300000      0.00892603      180.00000000      0.79733073      0.00000000      4.91756790      180.00000000
20160214000000      29.97800000      267.89300000      0.03514531      180.00000000      0.75272111      0.00000000      3.63068472      180.00000000
20160316000000      29.97800000      267.89300000      0.03660089      180.00000000      1.06233016      0.00000000      4.85278318      180.00000000
20160520000000      29.97800000      267.89300000      0.13457800      0.00000000      0.56503974      0.00000000      3.11245646      180.00000000
20160616000000      29.97800000      267.89300000      0.10103710      180.00000000      0.09143482      0.00000000      2.04369586      180.00000000
20160715000000      29.97800000      267.89300000      0.15412581      0.00000000      0.66696557      180.00000000      0.39975121      0.00000000
20160821000000      29.97800000      267.89300000      0.11751238      0.00000000      0.82319406      180.00000000      0.26755740      180.00000000
20161127000000      29.97800000      267.89300000      0.14371994      180.00000000      0.88723946      180.00000000      0.15838263      0.00000000
20161224000000      29.97800000      267.89300000      0.06809585      180.00000000      0.55511547      180.00000000      0.72786784      180.00000000
20170121000000      29.97800000      267.89300000      0.02339297      180.00000000      0.30113121      180.00000000      1.34626859      180.00000000
20170331000000      29.97800000      267.89300000      0.12807017      0.00000000      0.14069581      0.00000000      2.01727146      180.00000000
20170424000000      29.97800000      267.89300000      0.08475366      0.00000000      0.35850107      0.00000000      2.03522852      180.00000000
20170512000000      29.97800000      267.89300000      0.21252922      0.00000000      0.49732085      0.00000000      2.09326154      180.00000000
20170611000000      29.97800000      267.89300000      0.25328038      0.00000000      0.30721493      0.00000000      2.40400453      180.00000000
20180616000000      29.97800000      267.89300000      0.70294360      0.00000000      0.50541858      180.00000000      1.09933212      0.00000000
20180710000000      29.97800000      267.89300000      0.75642445      0.00000000      0.90355507      180.00000000      0.95772955      0.00000000
20181031000000      29.97800000      267.89300000      0.05329722      180.00000000      0.42144351      180.00000000      2.17749593      180.00000000
20181116000000      29.97800000      267.89300000      0.02273972      0.00000000      0.38416962      180.00000000      1.82790433      180.00000000
20181216000000      29.97800000      267.89300000      0.20616680      0.00000000      0.12142845      0.00000000      3.31221931      180.00000000
20190116000000      29.97800000      267.89300000      0.14651650      0.00000000      0.76958338      0.00000000      4.97211878      180.00000000
20190214000000      29.97800000      267.89300000      0.24591336      0.00000000      1.04166604      0.00000000      5.28815322      180.00000000
20190316000000      29.97800000      267.89300000      0.30447610      0.00000000      1.27528591      0.00000000      5.90485708      180.00000000
20190416000000      29.97800000      267.89300000      0.26316885      0.00000000      1.04992317      0.00000000      4.06723004      180.00000000
20190516000000      29.97800000      267.89300000      0.25217163      0.00000000      1.29961113      0.00000000      5.16753618      180.00000000
20190616000000      29.97800000      267.89300000      0.14056341      0.00000000      0.88179967      0.00000000      4.64063818      180.00000000
20190716000000      29.97800000      267.89300000      0.31378455      0.00000000      0.25189034      0.00000000      3.71204757      180.00000000
20190816000000      29.97800000      267.89300000      0.40696515      0.00000000      0.37956444      180.00000000      0.68524904      180.00000000
20190916000000      29.97800000      267.89300000      0.28390019      0.00000000      0.67989067      180.00000000      0.07147652      0.00000000
20191016000000      29.97800000      267.89300000      0.38221799      0.00000000      0.51094931      180.00000000      1.08205192      180.00000000
20191116000000      29.97800000      267.89300000      0.44181294      0.00000000      0.10455667      180.00000000      1.98911664      180.00000000
20191216000000      29.97800000      267.89300000      0.52173329      0.00000000      0.21351872      0.00000000      1.89828997      180.00000000
20200116000000      29.97800000      267.89300000      0.48102136      0.00000000      0.75244188      0.00000000      3.65112746      180.00000000
20200215000000      29.97800000      267.89300000      0.57513917      0.00000000      1.28739253      0.00000000      4.95814199      180.00000000
20200316000000      29.97800000      267.89300000      0.51112847      0.00000000      1.46851475      0.00000000      5.08570880      180.00000000
20200416000000      29.97800000      267.89300000      0.55960368      0.00000000      1.48094627      0.00000000      4.59690548      180.00000000
20200516000000      29.97800000      267.89300000      0.63554763      0.00000000      1.12262086      0.00000000      3.72022860      180.00000000
20200616000000      29.97800000      267.89300000      0.66214229      0.00000000      0.45429287      0.00000000      3.45608146      180.00000000
20200716000000      29.97800000      267.89300000      0.66508290      0.00000000      0.16708368      180.00000000      1.61270183      180.00000000
20200816000000      29.97800000      267.89300000      0.77820288      0.00000000      0.50940763      180.00000000      0.82820996      180.00000000
20200916000000      29.97800000      267.89300000      0.75185182      0.00000000      0.39532783      180.00000000      1.57928138      180.00000000
20201016000000      29.97800000      267.89300000      0.61109046      0.00000000      0.31857437      180.00000000      1.73872157      180.00000000
20201116000000      29.97800000      267.89300000      0.75443825      0.00000000      0.19545753      180.00000000      2.07824521      180.00000000
20201216000000      29.97800000      267.89300000      0.79325477      0.00000000      0.25184603      180.00000000      1.10876593      180.00000000
20210116000000      29.97800000      267.89300000      0.79225892      0.00000000      0.25075669      0.00000000      2.41405956      180.00000000
20210215000000      29.97800000      267.89300000      0.94151836      0.00000000      0.23601670      0.00000000      2.24693526      180.00000000
20210316000000      29.97800000      267.89300000      1.05383382      0.00000000      0.79490526      0.00000000      3.94510431      180.00000000
20210416000000      29.97800000      267.89300000      1.03843476      0.00000000      0.67055749      0.00000000      3.91659388      180.00000000
20210516000000      29.97800000      267.89300000      0.81048383      0.00000000      0.62493289      0.00000000      4.06153830      180.00000000
20210616000000      29.97800000      267.89300000      0.76552342      0.00000000      0.25866952      0.00000000      3.72726635      180.00000000
20210716000000      29.97800000      267.89300000      0.73597630      0.00000000      0.19021667      180.00000000      3.05656787      180.00000000
20210816000000      29.97800000      267.89300000      0.71044556      0.00000000      0.63850716      180.00000000      2.17638931      180.00000000
20210916000000      29.97800000      267.89300000      0.85243821      0.00000000      0.76564440      180.00000000      1.73656451      180.00000000
20211016000000      29.97800000      267.89300000      0.69591615      0.00000000      0.88347991      180.00000000      2.10790984      180.00000000
20211116000000      29.97800000      267.89300000      0.64444748      0.00000000      0.71996484      180.00000000      1.34917107      180.00000000
20211216000000      29.97800000      267.89300000      0.75726796      0.00000000      0.63042733      180.00000000      1.11814602      180.00000000
20220116000000      29.97800000      267.89300000      0.80065747      0.00000000      0.13697652      180.00000000      1.77584381      180.00000000
20220215000000      29.97800000      267.89300000      0.81138234      0.00000000      0.06370604      180.00000000      1.96908229      180.00000000
20220316000000      29.97800000      267.89300000      0.96712831      0.00000000      0.30615797      0.00000000      2.78394044      180.00000000
20220416000000      29.97800000      267.89300000      1.07091140      0.00000000      0.38084002      0.00000000      2.78586851      180.00000000
20220516000000      29.97800000      267.89300000      0.97170413      0.00000000      0.16279279      0.00000000      1.77219619      180.00000000
20220616000000      29.97800000      267.89300000      1.07168395      0.00000000      0.41402766      180.00000000      0.38298475      180.00000000
20220716000000      29.97800000      267.89300000      1.05057920      0.00000000      1.12732361      180.00000000      0.62662657      0.00000000
20220816000000      29.97800000      267.89300000      0.76674687      0.00000000      1.45003998      180.00000000      1.70930355      0.00000000
20220916000000      29.97800000      267.89300000      0.82452497      0.00000000      1.37854513      180.00000000      0.18377425      180.00000000
20221016000000      29.97800000      267.89300000      0.87941789      0.00000000      1.97261443      180.00000000      2.25005091      0.00000000
20221116000000      29.97800000      267.89300000      0.82349523      0.00000000      1.59090424      180.00000000      1.44727515      0.00000000
20221216000000      29.97800000      267.89300000      0.75696317      0.00000000      0.99984062      180.00000000      0.31981572      180.00000000
