Extension/Epoch  Lat(+N,deg)  Lon(+E,deg)  E-Amp(mm)  E-Pha(deg)  N-Amp(mm)  N-Pha(deg)  U-Amp(mm)  U-Pha(deg) 
20160116000000      30.21900000      267.94900000      0.01718457      180.00000000      0.78528809      0.00000000      5.22290308      180.00000000
20160214000000      30.21900000      267.94900000      0.03736099      180.00000000      0.74345006      0.00000000      3.85725622      180.00000000
20160316000000      30.21900000      267.94900000      0.05094575      180.00000000      1.04252739      0.00000000      5.20521177      180.00000000
20160520000000      30.21900000      267.94900000      0.12091094      0.00000000      0.54256524      0.00000000      3.33491963      180.00000000
20160616000000      30.21900000      267.94900000      0.11983165      180.00000000      0.09073439      0.00000000      2.14328104      180.00000000
20160715000000      30.21900000      267.94900000      0.15394066      0.00000000      0.64970524      180.00000000      0.47970535      0.00000000
20160821000000      30.21900000      267.94900000      0.11873391      0.00000000      0.85519326      180.00000000      0.19272773      180.00000000
20161127000000      30.21900000      267.94900000      0.15010028      180.00000000      0.93662635      180.00000000      0.28743518      0.00000000
20161224000000      30.21900000      267.94900000      0.06847730      180.00000000      0.58809376      180.00000000      0.66617737      180.00000000
20170121000000      30.21900000      267.94900000      0.03012412      180.00000000      0.31066260      180.00000000      1.35155604      180.00000000
20170331000000      30.21900000      267.94900000      0.11953913      0.00000000      0.12707238      0.00000000      2.11725579      180.00000000
20170424000000      30.21900000      267.94900000      0.07235177      0.00000000      0.39310354      0.00000000      2.15435589      180.00000000
20170512000000      30.21900000      267.94900000      0.20503981      0.00000000      0.55544564      0.00000000      2.23530773      180.00000000
20170611000000      30.21900000      267.94900000      0.24359968      0.00000000      0.32904345      0.00000000      2.58745811      180.00000000
20180616000000      30.21900000      267.94900000      0.71743491      0.00000000      0.41886670      180.00000000      1.15275401      0.00000000
20180710000000      30.21900000      267.94900000      0.78477050      0.00000000      0.87273390      180.00000000      1.06295271      0.00000000
20181031000000      30.21900000      267.94900000      0.06134332      180.00000000      0.44244019      180.00000000      2.19937643      180.00000000
20181116000000      30.21900000      267.94900000      0.02319098      0.00000000      0.38535140      180.00000000      1.84134313      180.00000000
20181216000000      30.21900000      267.94900000      0.20901840      0.00000000      0.09107052      0.00000000      3.47752594      180.00000000
20190116000000      30.21900000      267.94900000      0.14193270      0.00000000      0.75110306      0.00000000      5.28709075      180.00000000
20190214000000      30.21900000      267.94900000      0.24519449      0.00000000      1.03773602      0.00000000      5.64675500      180.00000000
20190316000000      30.21900000      267.94900000      0.30222259      0.00000000      1.26379909      0.00000000      6.33628504      180.00000000
20190416000000      30.21900000      267.94900000      0.26063757      0.00000000      1.07942424      0.00000000      4.39088515      180.00000000
20190516000000      30.21900000      267.94900000      0.23251204      0.00000000      1.32254398      0.00000000      5.57914264      180.00000000
20190616000000      30.21900000      267.94900000      0.11536028      0.00000000      0.91916083      0.00000000      4.98231557      180.00000000
20190716000000      30.21900000      267.94900000      0.30450858      0.00000000      0.25971002      0.00000000      3.95986617      180.00000000
20190816000000      30.21900000      267.94900000      0.41143077      0.00000000      0.33743123      180.00000000      0.71476745      180.00000000
20190916000000      30.21900000      267.94900000      0.28689596      0.00000000      0.66686680      180.00000000      0.13288699      0.00000000
20191016000000      30.21900000      267.94900000      0.37916588      0.00000000      0.53575391      180.00000000      1.10096362      180.00000000
20191116000000      30.21900000      267.94900000      0.44596714      0.00000000      0.09650224      180.00000000      2.08652004      180.00000000
20191216000000      30.21900000      267.94900000      0.53465781      0.00000000      0.26790771      0.00000000      1.99138606      180.00000000
20200116000000      30.21900000      267.94900000      0.48289738      0.00000000      0.78966534      0.00000000      3.89697207      180.00000000
20200215000000      30.21900000      267.94900000      0.57888766      0.00000000      1.33335204      0.00000000      5.33513167      180.00000000
20200316000000      30.21900000      267.94900000      0.50359410      0.00000000      1.51110277      0.00000000      5.51371118      180.00000000
20200416000000      30.21900000      267.94900000      0.55292125      0.00000000      1.54371452      0.00000000      5.00085978      180.00000000
20200516000000      30.21900000      267.94900000      0.63190264      0.00000000      1.18328622      0.00000000      4.04869317      180.00000000
20200616000000      30.21900000      267.94900000      0.66432126      0.00000000      0.48313280      0.00000000      3.70391652      180.00000000
20200716000000      30.21900000      267.94900000      0.67786822      0.00000000      0.12448905      180.00000000      1.69902679      180.00000000
20200816000000      30.21900000      267.94900000      0.79352906      0.00000000      0.48691010      180.00000000      0.85678673      180.00000000
20200916000000      30.21900000      267.94900000      0.76575761      0.00000000      0.41078591      180.00000000      1.64797477      180.00000000
20201016000000      30.21900000      267.94900000      0.62039627      0.00000000      0.32547638      180.00000000      1.81609347      180.00000000
20201116000000      30.21900000      267.94900000      0.76700948      0.00000000      0.19660133      180.00000000      2.18440780      180.00000000
20201216000000      30.21900000      267.94900000      0.80644933      0.00000000      0.19760653      180.00000000      1.16574448      180.00000000
20210116000000      30.21900000      267.94900000      0.79749877      0.00000000      0.30037471      0.00000000      2.58564030      180.00000000
20210215000000      30.21900000      267.94900000      0.95106371      0.00000000      0.28164259      0.00000000      2.44026177      180.00000000
20210316000000      30.21900000      267.94900000      1.06034580      0.00000000      0.82041870      0.00000000      4.29451458      180.00000000
20210416000000      30.21900000      267.94900000      1.04036567      0.00000000      0.68837993      0.00000000      4.25042523      180.00000000
20210516000000      30.21900000      267.94900000      0.79375915      0.00000000      0.64312259      0.00000000      4.40227879      180.00000000
20210616000000      30.21900000      267.94900000      0.75598763      0.00000000      0.27598217      0.00000000      4.02440602      180.00000000
20210716000000      30.21900000      267.94900000      0.73344616      0.00000000      0.18608953      180.00000000      3.25105702      180.00000000
20210816000000      30.21900000      267.94900000      0.71482759      0.00000000      0.66082414      180.00000000      2.27667592      180.00000000
20210916000000      30.21900000      267.94900000      0.87143483      0.00000000      0.79332896      180.00000000      1.79706722      180.00000000
20211016000000      30.21900000      267.94900000      0.71077031      0.00000000      0.94223300      180.00000000      2.16232753      180.00000000
20211116000000      30.21900000      267.94900000      0.65504615      0.00000000      0.75285611      180.00000000      1.38387779      180.00000000
20211216000000      30.21900000      267.94900000      0.77237045      0.00000000      0.65243944      180.00000000      1.17085807      180.00000000
20220116000000      30.21900000      267.94900000      0.81387537      0.00000000      0.14587219      180.00000000      1.91433812      180.00000000
20220215000000      30.21900000      267.94900000      0.83143943      0.00000000      0.08073200      180.00000000      2.09484939      180.00000000
20220316000000      30.21900000      267.94900000      0.97763038      0.00000000      0.30853218      0.00000000      3.04239250      180.00000000
20220416000000      30.21900000      267.94900000      1.07476822      0.00000000      0.38735288      0.00000000      3.06124433      180.00000000
20220516000000      30.21900000      267.94900000      0.97727377      0.00000000      0.21370694      0.00000000      1.94918986      180.00000000
20220616000000      30.21900000      267.94900000      1.08130960      0.00000000      0.34070878      180.00000000      0.47885799      180.00000000
20220716000000      30.21900000      267.94900000      1.07326422      0.00000000      1.11242876      180.00000000      0.70023769      0.00000000
20220816000000      30.21900000      267.94900000      0.78176222      0.00000000      1.42307497      180.00000000      1.89286807      0.00000000
20220916000000      30.21900000      267.94900000      0.83852208      0.00000000      1.41849627      180.00000000      0.14466433      180.00000000
20221016000000      30.21900000      267.94900000      0.91212918      0.00000000      2.00000612      180.00000000      2.48128541      0.00000000
20221116000000      30.21900000      267.94900000      0.84347990      0.00000000      1.59247043      180.00000000      1.59428281      0.00000000
20221216000000      30.21900000      267.94900000      0.76796641      0.00000000      1.02881715      180.00000000      0.29570382      180.00000000
