Extension/Epoch  Lat(+N,deg)  Lon(+E,deg)  E-Amp(mm)  E-Pha(deg)  N-Amp(mm)  N-Pha(deg)  U-Amp(mm)  U-Pha(deg) 
20160116000000      30.39600000      268.89300000      0.13350128      180.00000000      0.74857697      0.00000000      5.33388600      180.00000000
20160214000000      30.39600000      268.89300000      0.09898798      180.00000000      0.72272309      0.00000000      4.01095418      180.00000000
20160316000000      30.39600000      268.89300000      0.22437020      180.00000000      0.99254429      0.00000000      5.16428879      180.00000000
20160520000000      30.39600000      268.89300000      0.01841406      0.00000000      0.47663919      0.00000000      3.33605081      180.00000000
20160616000000      30.39600000      268.89300000      0.13898949      180.00000000      0.00274063      0.00000000      2.00502731      180.00000000
20160715000000      30.39600000      268.89300000      0.18444392      0.00000000      0.67897602      180.00000000      0.39963414      0.00000000
20160821000000      30.39600000      268.89300000      0.14904408      0.00000000      0.90977995      180.00000000      0.20214985      180.00000000
20161127000000      30.39600000      268.89300000      0.11125967      180.00000000      1.02805634      180.00000000      0.40644925      0.00000000
20161224000000      30.39600000      268.89300000      0.03483027      180.00000000      0.64457512      180.00000000      0.65806131      180.00000000
20170121000000      30.39600000      268.89300000      0.03267823      180.00000000      0.36501689      180.00000000      1.29752830      180.00000000
20170331000000      30.39600000      268.89300000      0.05375146      0.00000000      0.08022420      0.00000000      2.02426520      180.00000000
20170424000000      30.39600000      268.89300000      0.01186054      0.00000000      0.35541102      0.00000000      2.14678122      180.00000000
20170512000000      30.39600000      268.89300000      0.12130269      0.00000000      0.55291626      0.00000000      2.33174857      180.00000000
20170611000000      30.39600000      268.89300000      0.12482191      0.00000000      0.30300870      0.00000000      2.65986199      180.00000000
20180616000000      30.39600000      268.89300000      0.70900920      0.00000000      0.35083077      180.00000000      0.91665431      0.00000000
20180710000000      30.39600000      268.89300000      0.84782248      0.00000000      0.80086607      180.00000000      0.65361283      0.00000000
20181031000000      30.39600000      268.89300000      0.04996832      180.00000000      0.51923240      180.00000000      2.07020891      180.00000000
20181116000000      30.39600000      268.89300000      0.07088036      0.00000000      0.42386597      180.00000000      1.80282724      180.00000000
20181216000000      30.39600000      268.89300000      0.19969293      0.00000000      0.05627524      0.00000000      3.59092421      180.00000000
20190116000000      30.39600000      268.89300000      0.04316063      0.00000000      0.71344984      0.00000000      5.36745306      180.00000000
20190214000000      30.39600000      268.89300000      0.12595705      0.00000000      1.02573088      0.00000000      5.81099634      180.00000000
20190316000000      30.39600000      268.89300000      0.11484856      0.00000000      1.25131384      0.00000000      6.51635319      180.00000000
20190416000000      30.39600000      268.89300000      0.15280020      0.00000000      1.07831879      0.00000000      4.56437940      180.00000000
20190516000000      30.39600000      268.89300000      0.04313660      0.00000000      1.26727607      0.00000000      5.63170595      180.00000000
20190616000000      30.39600000      268.89300000      0.05999990      180.00000000      0.84419817      0.00000000      5.01300610      180.00000000
20190716000000      30.39600000      268.89300000      0.18125631      0.00000000      0.20865710      0.00000000      4.18950555      180.00000000
20190816000000      30.39600000      268.89300000      0.39055329      0.00000000      0.34031793      180.00000000      1.00036629      180.00000000
20190916000000      30.39600000      268.89300000      0.28597968      0.00000000      0.69657895      180.00000000      0.00760511      180.00000000
20191016000000      30.39600000      268.89300000      0.27807658      0.00000000      0.59952319      180.00000000      1.28150332      180.00000000
20191116000000      30.39600000      268.89300000      0.34433516      0.00000000      0.10954413      180.00000000      2.36751912      180.00000000
20191216000000      30.39600000      268.89300000      0.47687184      0.00000000      0.32034584      0.00000000      2.30283319      180.00000000
20200116000000      30.39600000      268.89300000      0.34240570      0.00000000      0.80560429      0.00000000      4.16255922      180.00000000
20200215000000      30.39600000      268.89300000      0.39697786      0.00000000      1.37227053      0.00000000      5.67312037      180.00000000
20200316000000      30.39600000      268.89300000      0.26414708      0.00000000      1.51617761      0.00000000      5.73056111      180.00000000
20200416000000      30.39600000      268.89300000      0.35663671      0.00000000      1.55532212      0.00000000      5.24226821      180.00000000
20200516000000      30.39600000      268.89300000      0.44619041      0.00000000      1.20013425      0.00000000      4.28204206      180.00000000
20200616000000      30.39600000      268.89300000      0.53296971      0.00000000      0.48912520      0.00000000      4.05562619      180.00000000
20200716000000      30.39600000      268.89300000      0.63017403      0.00000000      0.08675255      180.00000000      2.08870062      180.00000000
20200816000000      30.39600000      268.89300000      0.74232526      0.00000000      0.46011560      180.00000000      1.26765850      180.00000000
20200916000000      30.39600000      268.89300000      0.69316454      0.00000000      0.40659064      180.00000000      1.95965542      180.00000000
20201016000000      30.39600000      268.89300000      0.53243373      0.00000000      0.33229192      180.00000000      2.06677932      180.00000000
20201116000000      30.39600000      268.89300000      0.65880834      0.00000000      0.17953829      180.00000000      2.54362289      180.00000000
20201216000000      30.39600000      268.89300000      0.75259638      0.00000000      0.14988146      180.00000000      1.54286258      180.00000000
20210116000000      30.39600000      268.89300000      0.69790411      0.00000000      0.32732634      0.00000000      2.89342954      180.00000000
20210215000000      30.39600000      268.89300000      0.84022336      0.00000000      0.31870956      0.00000000      2.84276606      180.00000000
20210316000000      30.39600000      268.89300000      0.85454739      0.00000000      0.85270588      0.00000000      4.77251259      180.00000000
20210416000000      30.39600000      268.89300000      0.85874038      0.00000000      0.69913555      0.00000000      4.69556406      180.00000000
20210516000000      30.39600000      268.89300000      0.56812902      0.00000000      0.59643795      0.00000000      4.51371356      180.00000000
20210616000000      30.39600000      268.89300000      0.57373157      0.00000000      0.24323873      0.00000000      4.23571826      180.00000000
20210716000000      30.39600000      268.89300000      0.61771705      0.00000000      0.21662524      180.00000000      3.46312283      180.00000000
20210816000000      30.39600000      268.89300000      0.65697828      0.00000000      0.69587510      180.00000000      2.52970995      180.00000000
20210916000000      30.39600000      268.89300000      0.80852342      0.00000000      0.78123949      180.00000000      2.12761693      180.00000000
20211016000000      30.39600000      268.89300000      0.65571718      0.00000000      0.96132245      180.00000000      2.42463772      180.00000000
20211116000000      30.39600000      268.89300000      0.58353214      0.00000000      0.77380073      180.00000000      1.59214752      180.00000000
20211216000000      30.39600000      268.89300000      0.69649200      0.00000000      0.64481989      180.00000000      1.49358712      180.00000000
20220116000000      30.39600000      268.89300000      0.69837967      0.00000000      0.12517439      180.00000000      2.20798261      180.00000000
20220215000000      30.39600000      268.89300000      0.77758451      0.00000000      0.04523163      180.00000000      2.50137066      180.00000000
20220316000000      30.39600000      268.89300000      0.80825805      0.00000000      0.33721412      0.00000000      3.45227433      180.00000000
20220416000000      30.39600000      268.89300000      0.87767487      0.00000000      0.40003366      0.00000000      3.38419880      180.00000000
20220516000000      30.39600000      268.89300000      0.85256900      0.00000000      0.24156114      0.00000000      2.33590654      180.00000000
20220616000000      30.39600000      268.89300000      0.91305138      0.00000000      0.28621599      180.00000000      0.86395658      180.00000000
20220716000000      30.39600000      268.89300000      1.05230752      0.00000000      1.06638991      180.00000000      0.25160239      0.00000000
20220816000000      30.39600000      268.89300000      0.83622458      0.00000000      1.40669711      180.00000000      1.70703625      0.00000000
20220916000000      30.39600000      268.89300000      0.74710266      0.00000000      1.43494024      180.00000000      0.31846998      180.00000000
20221016000000      30.39600000      268.89300000      0.98059674      0.00000000      1.96549688      180.00000000      2.06574476      0.00000000
20221116000000      30.39600000      268.89300000      0.84864928      0.00000000      1.57700331      180.00000000      1.31519748      0.00000000
20221216000000      30.39600000      268.89300000      0.77020941      0.00000000      1.05390277      180.00000000      0.55953004      180.00000000
