Extension/Epoch  Lat(+N,deg)  Lon(+E,deg)  E-Amp(mm)  E-Pha(deg)  N-Amp(mm)  N-Pha(deg)  U-Amp(mm)  U-Pha(deg) 
20160116000000      30.51300000      269.53200000      0.20690390      180.00000000      0.73605589      0.00000000      5.30227208      180.00000000
20160214000000      30.51300000      269.53200000      0.15450014      180.00000000      0.72286924      0.00000000      4.07718481      180.00000000
20160316000000      30.51300000      269.53200000      0.28251405      180.00000000      0.97417378      0.00000000      4.91660123      180.00000000
20160520000000      30.51300000      269.53200000      0.02861059      180.00000000      0.44844259      0.00000000      3.21782461      180.00000000
20160616000000      30.51300000      269.53200000      0.15232966      180.00000000      0.05068290      180.00000000      1.88432981      180.00000000
20160715000000      30.51300000      269.53200000      0.15929142      0.00000000      0.70138307      180.00000000      0.25558790      0.00000000
20160821000000      30.51300000      269.53200000      0.13879102      0.00000000      0.93270866      180.00000000      0.25648780      180.00000000
20161127000000      30.51300000      269.53200000      0.11662043      180.00000000      1.07827216      180.00000000      0.44089126      0.00000000
20161224000000      30.51300000      269.53200000      0.04759623      180.00000000      0.67070392      180.00000000      0.70195715      180.00000000
20170121000000      30.51300000      269.53200000      0.04819378      180.00000000      0.39376073      180.00000000      1.26148266      180.00000000
20170331000000      30.51300000      269.53200000      0.04662151      0.00000000      0.06561847      0.00000000      1.85341703      180.00000000
20170424000000      30.51300000      269.53200000      0.02411681      180.00000000      0.32795639      0.00000000      2.09820489      180.00000000
20170512000000      30.51300000      269.53200000      0.06775648      0.00000000      0.54392770      0.00000000      2.35508706      180.00000000
20170611000000      30.51300000      269.53200000      0.07089531      0.00000000      0.28987644      0.00000000      2.60382500      180.00000000
20180616000000      30.51300000      269.53200000      0.68388654      0.00000000      0.31876152      180.00000000      0.68430383      0.00000000
20180710000000      30.51300000      269.53200000      0.81913148      0.00000000      0.74406443      180.00000000      0.21063719      0.00000000
20181031000000      30.51300000      269.53200000      0.06399622      180.00000000      0.56213844      180.00000000      1.99207782      180.00000000
20181116000000      30.51300000      269.53200000      0.06932604      0.00000000      0.43929467      180.00000000      1.83692266      180.00000000
20181216000000      30.51300000      269.53200000      0.16775919      0.00000000      0.05778875      0.00000000      3.66174609      180.00000000
20190116000000      30.51300000      269.53200000      0.01507598      180.00000000      0.70751223      0.00000000      5.31092808      180.00000000
20190214000000      30.51300000      269.53200000      0.05591972      0.00000000      1.03381164      0.00000000      5.80101204      180.00000000
20190316000000      30.51300000      269.53200000      0.02433515      0.00000000      1.26101911      0.00000000      6.43503955      180.00000000
20190416000000      30.51300000      269.53200000      0.08566876      0.00000000      1.08477872      0.00000000      4.59154313      180.00000000
20190516000000      30.51300000      269.53200000      0.04258930      180.00000000      1.22981080      0.00000000      5.46977866      180.00000000
20190616000000      30.51300000      269.53200000      0.16228651      180.00000000      0.78262898      0.00000000      4.88814585      180.00000000
20190716000000      30.51300000      269.53200000      0.07036144      0.00000000      0.17161965      0.00000000      4.28759947      180.00000000
20190816000000      30.51300000      269.53200000      0.31464396      0.00000000      0.35553314      180.00000000      1.27962885      180.00000000
20190916000000      30.51300000      269.53200000      0.23566032      0.00000000      0.72432037      180.00000000      0.17733752      180.00000000
20191016000000      30.51300000      269.53200000      0.17117005      0.00000000      0.64946121      180.00000000      1.38064678      180.00000000
20191116000000      30.51300000      269.53200000      0.23152932      0.00000000      0.12648898      180.00000000      2.55115910      180.00000000
20191216000000      30.51300000      269.53200000      0.40159017      0.00000000      0.34808718      0.00000000      2.55018761      180.00000000
20200116000000      30.51300000      269.53200000      0.24392307      0.00000000      0.81257745      0.00000000      4.26358010      180.00000000
20200215000000      30.51300000      269.53200000      0.28564539      0.00000000      1.39951364      0.00000000      5.77187668      180.00000000
20200316000000      30.51300000      269.53200000      0.15029486      0.00000000      1.51817176      0.00000000      5.65827319      180.00000000
20200416000000      30.51300000      269.53200000      0.24843821      0.00000000      1.55692870      0.00000000      5.25112513      180.00000000
20200516000000      30.51300000      269.53200000      0.34707622      0.00000000      1.20468174      0.00000000      4.29812981      180.00000000
20200616000000      30.51300000      269.53200000      0.42365375      0.00000000      0.49302145      0.00000000      4.24489147      180.00000000
20200716000000      30.51300000      269.53200000      0.54893035      0.00000000      0.06288490      180.00000000      2.41436794      180.00000000
20200816000000      30.51300000      269.53200000      0.65118746      0.00000000      0.44592445      180.00000000      1.60895439      180.00000000
20200916000000      30.51300000      269.53200000      0.61413411      0.00000000      0.39300485      180.00000000      2.16452160      180.00000000
20201016000000      30.51300000      269.53200000      0.45081862      0.00000000      0.33479300      180.00000000      2.21550246      180.00000000
20201116000000      30.51300000      269.53200000      0.56153083      0.00000000      0.16264826      180.00000000      2.75848476      180.00000000
20201216000000      30.51300000      269.53200000      0.67070483      0.00000000      0.12721056      180.00000000      1.85549877      180.00000000
20210116000000      30.51300000      269.53200000      0.61065183      0.00000000      0.33804986      0.00000000      3.08461441      180.00000000
20210215000000      30.51300000      269.53200000      0.74618162      0.00000000      0.33876589      0.00000000      3.08908364      180.00000000
20210316000000      30.51300000      269.53200000      0.71669035      0.00000000      0.87463589      0.00000000      4.96553199      180.00000000
20210416000000      30.51300000      269.53200000      0.73526773      0.00000000      0.71243408      0.00000000      4.88478931      180.00000000
20210516000000      30.51300000      269.53200000      0.46950289      0.00000000      0.56220873      0.00000000      4.36726893      180.00000000
20210616000000      30.51300000      269.53200000      0.46826088      0.00000000      0.22148347      0.00000000      4.23219564      180.00000000
20210716000000      30.51300000      269.53200000      0.53759085      0.00000000      0.23190166      180.00000000      3.52997070      180.00000000
20210816000000      30.51300000      269.53200000      0.58765058      0.00000000      0.70795887      180.00000000      2.69052902      180.00000000
20210916000000      30.51300000      269.53200000      0.74473679      0.00000000      0.75550198      180.00000000      2.33767784      180.00000000
20211016000000      30.51300000      269.53200000      0.60004891      0.00000000      0.94799746      180.00000000      2.57660981      180.00000000
20211116000000      30.51300000      269.53200000      0.52325104      0.00000000      0.77759375      180.00000000      1.69454692      180.00000000
20211216000000      30.51300000      269.53200000      0.62417351      0.00000000      0.62955025      180.00000000      1.68531593      180.00000000
20220116000000      30.51300000      269.53200000      0.62571296      0.00000000      0.10115249      180.00000000      2.32063295      180.00000000
20220215000000      30.51300000      269.53200000      0.71436934      0.00000000      0.00053014      0.00000000      2.76865923      180.00000000
20220316000000      30.51300000      269.53200000      0.69148152      0.00000000      0.36391430      0.00000000      3.61311086      180.00000000
20220416000000      30.51300000      269.53200000      0.78033127      0.00000000      0.41528013      0.00000000      3.42661066      180.00000000
20220516000000      30.51300000      269.53200000      0.75564643      0.00000000      0.25162577      0.00000000      2.55559762      180.00000000
20220616000000      30.51300000      269.53200000      0.80012265      0.00000000      0.27493905      180.00000000      1.05949430      180.00000000
20220716000000      30.51300000      269.53200000      0.98718319      0.00000000      1.03061550      180.00000000      0.13744252      180.00000000
20220816000000      30.51300000      269.53200000      0.83391709      0.00000000      1.39703501      180.00000000      1.46101824      0.00000000
20220916000000      30.51300000      269.53200000      0.68483392      0.00000000      1.44544702      180.00000000      0.37089459      180.00000000
20221016000000      30.51300000      269.53200000      0.93856873      0.00000000      1.93282821      180.00000000      1.61215931      0.00000000
20221116000000      30.51300000      269.53200000      0.80251806      0.00000000      1.57207269      180.00000000      1.04711442      0.00000000
20221216000000      30.51300000      269.53200000      0.72103236      0.00000000      1.06241163      180.00000000      0.79457458      180.00000000
