Extension/Epoch  Lat(+N,deg)  Lon(+E,deg)  E-Amp(mm)  E-Pha(deg)  N-Amp(mm)  N-Pha(deg)  U-Amp(mm)  U-Pha(deg) 
20160116000000      30.47000000      268.74700000      0.03112326      180.00000000      0.17313032      0.00000000      7.12544160      180.00000000
20160214000000      30.47000000      268.74700000      0.15613139      180.00000000      0.21855670      0.00000000      5.43334614      180.00000000
20160316000000      30.47000000      268.74700000      0.40477589      180.00000000      0.39992485      0.00000000      6.63506999      180.00000000
20160520000000      30.47000000      268.74700000      0.18889824      180.00000000      0.03964011      180.00000000      3.82003066      180.00000000
20160616000000      30.47000000      268.74700000      0.50807737      180.00000000      0.54716322      180.00000000      2.41930040      180.00000000
20160715000000      30.47000000      268.74700000      0.05544520      0.00000000      1.21720305      180.00000000      0.07998617      180.00000000
20160821000000      30.47000000      268.74700000      0.14254405      180.00000000      1.52435396      180.00000000      0.64226247      180.00000000
20161127000000      30.47000000      268.74700000      0.09089278      180.00000000      1.56622781      180.00000000      0.44354825      180.00000000
20161224000000      30.47000000      268.74700000      0.03649881      180.00000000      1.15005412      180.00000000      1.48446791      180.00000000
20170121000000      30.47000000      268.74700000      0.13559204      0.00000000      0.87924161      180.00000000      2.52494417      180.00000000
20170331000000      30.47000000      268.74700000      0.00815551      180.00000000      0.37250026      180.00000000      2.95292099      180.00000000
20170424000000      30.47000000      268.74700000      0.01432765      180.00000000      0.01315503      0.00000000      2.93406003      180.00000000
20170512000000      30.47000000      268.74700000      0.21294964      0.00000000      0.32852529      0.00000000      2.97160046      180.00000000
20170611000000      30.47000000      268.74700000      0.04899174      0.00000000      0.12591212      180.00000000      3.47623383      180.00000000
20180616000000      30.47000000      268.74700000      0.66308671      0.00000000      0.63620718      180.00000000      0.80666172      0.00000000
20180710000000      30.47000000      268.74700000      0.92391991      0.00000000      1.31529410      180.00000000      0.11770622      0.00000000
20181031000000      30.47000000      268.74700000      0.02000064      0.00000000      1.10162726      180.00000000      3.49016333      180.00000000
20181116000000      30.47000000      268.74700000      0.15952350      0.00000000      0.92027882      180.00000000      2.84284901      180.00000000
20181216000000      30.47000000      268.74700000      0.21187281      0.00000000      0.39840255      180.00000000      4.57885991      180.00000000
20190116000000      30.47000000      268.74700000      0.01313118      180.00000000      0.11767763      0.00000000      6.69133250      180.00000000
20190214000000      30.47000000      268.74700000      0.17582805      0.00000000      0.47196752      0.00000000      7.16208517      180.00000000
20190316000000      30.47000000      268.74700000      0.05512262      0.00000000      0.62508316      0.00000000      8.14266020      180.00000000
20190416000000      30.47000000      268.74700000      0.14434322      0.00000000      0.70912609      0.00000000      5.23028294      180.00000000
20190516000000      30.47000000      268.74700000      0.05815426      0.00000000      0.80735817      0.00000000      6.79220034      180.00000000
20190616000000      30.47000000      268.74700000      0.16345856      180.00000000      0.21403272      0.00000000      6.31548273      180.00000000
20190716000000      30.47000000      268.74700000      0.06421744      180.00000000      0.62781656      180.00000000      5.49177493      180.00000000
20190816000000      30.47000000      268.74700000      0.32207832      0.00000000      0.96532937      180.00000000      1.95132326      180.00000000
20190916000000      30.47000000      268.74700000      0.20770304      0.00000000      1.42738010      180.00000000      0.89498900      180.00000000
20191016000000      30.47000000      268.74700000      0.41197053      0.00000000      1.37592988      180.00000000      2.81790923      180.00000000
20191116000000      30.47000000      268.74700000      0.51177359      0.00000000      0.76579121      180.00000000      3.68318827      180.00000000
20191216000000      30.47000000      268.74700000      0.65458075      0.00000000      0.13469401      180.00000000      3.09238641      180.00000000
20200116000000      30.47000000      268.74700000      0.29810825      0.00000000      0.31310495      0.00000000      4.82160035      180.00000000
20200215000000      30.47000000      268.74700000      0.43006665      0.00000000      0.88166891      0.00000000      6.80217357      180.00000000
20200316000000      30.47000000      268.74700000      0.33036048      0.00000000      1.04039320      0.00000000      7.00117087      180.00000000
20200416000000      30.47000000      268.74700000      0.44186069      0.00000000      1.18622338      0.00000000      6.31332608      180.00000000
20200516000000      30.47000000      268.74700000      0.21528477      0.00000000      0.77044327      0.00000000      4.65615438      180.00000000
20200616000000      30.47000000      268.74700000      0.50419903      0.00000000      0.23101745      180.00000000      5.40991609      180.00000000
20200716000000      30.47000000      268.74700000      0.44211679      0.00000000      0.79144559      180.00000000      3.19205840      180.00000000
20200816000000      30.47000000      268.74700000      0.72882342      0.00000000      1.28887390      180.00000000      2.54833333      180.00000000
20200916000000      30.47000000      268.74700000      0.66707977      0.00000000      1.13995055      180.00000000      3.27698365      180.00000000
20201016000000      30.47000000      268.74700000      0.47093769      0.00000000      0.99117553      180.00000000      3.60784109      180.00000000
20201116000000      30.47000000      268.74700000      0.74326949      0.00000000      0.82502024      180.00000000      3.99114369      180.00000000
20201216000000      30.47000000      268.74700000      0.81731776      0.00000000      0.65860681      180.00000000      2.66002856      180.00000000
20210116000000      30.47000000      268.74700000      0.80832602      0.00000000      0.12451298      180.00000000      4.38599489      180.00000000
20210215000000      30.47000000      268.74700000      0.90041152      0.00000000      0.16697287      180.00000000      3.94662943      180.00000000
20210316000000      30.47000000      268.74700000      1.03912992      0.00000000      0.26815740      0.00000000      6.48099001      180.00000000
20210416000000      30.47000000      268.74700000      0.91099506      0.00000000      0.15325201      0.00000000      6.08333571      180.00000000
20210516000000      30.47000000      268.74700000      0.59176227      0.00000000      0.07346919      0.00000000      6.07309726      180.00000000
20210616000000      30.47000000      268.74700000      0.48349858      0.00000000      0.50802461      180.00000000      5.66677857      180.00000000
20210716000000      30.47000000      268.74700000      0.50547182      0.00000000      0.98603416      180.00000000      5.00099710      180.00000000
20210816000000      30.47000000      268.74700000      0.45691053      0.00000000      1.53004154      180.00000000      3.89921138      180.00000000
20210916000000      30.47000000      268.74700000      0.79186963      0.00000000      1.56260170      180.00000000      4.05644052      180.00000000
20211016000000      30.47000000      268.74700000      0.76539148      0.00000000      1.96262580      180.00000000      4.51853416      180.00000000
20211116000000      30.47000000      268.74700000      0.69148553      0.00000000      1.62589317      180.00000000      3.48873193      180.00000000
20211216000000      30.47000000      268.74700000      0.78967820      0.00000000      1.28578170      180.00000000      2.85445747      180.00000000
20220116000000      30.47000000      268.74700000      0.92735678      0.00000000      0.68420430      180.00000000      3.85018166      180.00000000
20220215000000      30.47000000      268.74700000      0.79395720      0.00000000      0.61227524      180.00000000      4.21684877      180.00000000
20220316000000      30.47000000      268.74700000      0.82419067      0.00000000      0.23812802      180.00000000      4.69603507      180.00000000
20220416000000      30.47000000      268.74700000      0.83658283      0.00000000      0.11397343      180.00000000      4.46482594      180.00000000
20220516000000      30.47000000      268.74700000      0.82334917      0.00000000      0.21446312      180.00000000      3.35676527      180.00000000
20220616000000      30.47000000      268.74700000      1.07410401      0.00000000      0.81115932      180.00000000      2.14902317      180.00000000
20220716000000      30.47000000      268.74700000      1.06273640      0.00000000      1.74941569      180.00000000      1.09519226      180.00000000
20220816000000      30.47000000      268.74700000      0.75787531      0.00000000      1.98349607      180.00000000      0.72322712      0.00000000
20220916000000      30.47000000      268.74700000      0.63520627      0.00000000      2.25426074      180.00000000      2.25978669      180.00000000
20221016000000      30.47000000      268.74700000      0.88305232      0.00000000      2.69963762      180.00000000      0.88446660      0.00000000
20221116000000      30.47000000      268.74700000      1.09264948      0.00000000      2.21225409      180.00000000      0.23139187      180.00000000
20221216000000      30.47000000      268.74700000      0.89715448      0.00000000      1.61713505      180.00000000      2.33832725      180.00000000
