Extension/Epoch  Lat(+N,deg)  Lon(+E,deg)  E-Amp(mm)  E-Pha(deg)  N-Amp(mm)  N-Pha(deg)  U-Amp(mm)  U-Pha(deg) 
20160116000000      31.33400000      266.13500000      0.21760366      0.00000000      0.73530656      0.00000000      6.64164516      180.00000000
20160214000000      31.33400000      266.13500000      0.10399894      0.00000000      0.68982893      0.00000000      4.87835683      180.00000000
20160316000000      31.33400000      266.13500000      0.25268225      0.00000000      0.90798753      0.00000000      6.78103458      180.00000000
20160520000000      31.33400000      266.13500000      0.24987967      0.00000000      0.46478771      0.00000000      4.35540131      180.00000000
20160616000000      31.33400000      266.13500000      0.24608898      180.00000000      0.25721188      0.00000000      3.74700243      180.00000000
20160715000000      31.33400000      266.13500000      0.10010366      0.00000000      0.54365719      180.00000000      0.62800061      0.00000000
20160821000000      31.33400000      266.13500000      0.04187206      0.00000000      0.99941360      180.00000000      0.35062986      0.00000000
20161127000000      31.33400000      266.13500000      0.32210014      180.00000000      1.05677227      180.00000000      0.83604914      0.00000000
20161224000000      31.33400000      266.13500000      0.17406413      180.00000000      0.70507519      180.00000000      0.34129484      180.00000000
20170121000000      31.33400000      266.13500000      0.09153875      180.00000000      0.31432904      180.00000000      1.72816574      180.00000000
20170331000000      31.33400000      266.13500000      0.17877234      0.00000000      0.04813590      0.00000000      2.59982699      180.00000000
20170424000000      31.33400000      266.13500000      0.13465368      0.00000000      0.62154844      0.00000000      3.37659582      180.00000000
20170512000000      31.33400000      266.13500000      0.38169750      0.00000000      0.81432900      0.00000000      3.30585743      180.00000000
20170611000000      31.33400000      266.13500000      0.47380831      0.00000000      0.39166851      0.00000000      3.36156241      180.00000000
20180616000000      31.33400000      266.13500000      0.89750471      0.00000000      0.22643632      180.00000000      1.49490608      0.00000000
20180710000000      31.33400000      266.13500000      0.87917442      0.00000000      1.02149013      180.00000000      2.56058672      0.00000000
20181031000000      31.33400000      266.13500000      0.19502127      180.00000000      0.45410941      180.00000000      3.11517800      180.00000000
20181116000000      31.33400000      266.13500000      0.14228286      180.00000000      0.36068069      180.00000000      2.82581170      180.00000000
20181216000000      31.33400000      266.13500000      0.20313315      0.00000000      0.10619480      180.00000000      4.31183827      180.00000000
20190116000000      31.33400000      266.13500000      0.30478199      0.00000000      0.59447334      0.00000000      6.89554513      180.00000000
20190214000000      31.33400000      266.13500000      0.50702074      0.00000000      0.86381416      0.00000000      7.20642225      180.00000000
20190316000000      31.33400000      266.13500000      0.72691192      0.00000000      0.99060466      0.00000000      7.69800366      180.00000000
20190416000000      31.33400000      266.13500000      0.49332840      0.00000000      1.09175363      0.00000000      6.17516457      180.00000000
20190516000000      31.33400000      266.13500000      0.54918370      0.00000000      1.42481605      0.00000000      7.92634331      180.00000000
20190616000000      31.33400000      266.13500000      0.37857361      0.00000000      1.18948644      0.00000000      7.37778571      180.00000000
20190716000000      31.33400000      266.13500000      0.58400010      0.00000000      0.26098730      0.00000000      4.86139199      180.00000000
20190816000000      31.33400000      266.13500000      0.57630129      0.00000000      0.23083299      180.00000000      0.66634709      180.00000000
20190916000000      31.33400000      266.13500000      0.36802677      0.00000000      0.65537718      180.00000000      0.66707365      0.00000000
20191016000000      31.33400000      266.13500000      0.69304749      0.00000000      0.72393635      180.00000000      0.07954828      0.00000000
20191116000000      31.33400000      266.13500000      0.80460438      0.00000000      0.20702658      180.00000000      1.58623388      180.00000000
20191216000000      31.33400000      266.13500000      0.83217654      0.00000000      0.31129112      0.00000000      2.01620877      180.00000000
20200116000000      31.33400000      266.13500000      0.89971668      0.00000000      0.79733736      0.00000000      4.55996357      180.00000000
20200215000000      31.33400000      266.13500000      1.10877140      0.00000000      1.31219686      0.00000000      6.53433860      180.00000000
20200316000000      31.33400000      266.13500000      1.09236959      0.00000000      1.53241154      0.00000000      7.05174595      180.00000000
20200416000000      31.33400000      266.13500000      1.04083859      0.00000000      1.68811365      0.00000000      6.95725473      180.00000000
20200516000000      31.33400000      266.13500000      1.11614773      0.00000000      1.29031498      0.00000000      5.37160260      180.00000000
20200616000000      31.33400000      266.13500000      1.06481557      0.00000000      0.43881504      0.00000000      4.09949931      180.00000000
20200716000000      31.33400000      266.13500000      0.95659748      0.00000000      0.13821237      180.00000000      1.38823096      180.00000000
20200816000000      31.33400000      266.13500000      1.12914518      0.00000000      0.61133598      180.00000000      0.29028746      0.00000000
20200916000000      31.33400000      266.13500000      1.09447105      0.00000000      0.71131753      180.00000000      0.54050536      180.00000000
20201016000000      31.33400000      266.13500000      0.95859011      0.00000000      0.54500430      180.00000000      1.03624935      180.00000000
20201116000000      31.33400000      266.13500000      1.18811872      0.00000000      0.41967592      180.00000000      1.16984141      180.00000000
20201216000000      31.33400000      266.13500000      1.11538079      0.00000000      0.11561227      180.00000000      0.83265882      180.00000000
20210116000000      31.33400000      266.13500000      1.13700137      0.00000000      0.39843987      0.00000000      3.05008406      180.00000000
20210215000000      31.33400000      266.13500000      1.37067780      0.00000000      0.29150664      0.00000000      2.46402395      180.00000000
20210316000000      31.33400000      266.13500000      1.70955379      0.00000000      0.64374900      0.00000000      4.24221362      180.00000000
20210416000000      31.33400000      266.13500000      1.58456206      0.00000000      0.57456480      0.00000000      4.40205397      180.00000000
20210516000000      31.33400000      266.13500000      1.26717233      0.00000000      0.65507135      0.00000000      5.49530142      180.00000000
20210616000000      31.33400000      266.13500000      1.17317443      0.00000000      0.23974649      0.00000000      4.79690635      180.00000000
20210716000000      31.33400000      266.13500000      1.02948388      0.00000000      0.26177102      180.00000000      3.54819775      180.00000000
20210816000000      31.33400000      266.13500000      0.92256346      0.00000000      0.87558792      180.00000000      1.81110265      180.00000000
20210916000000      31.33400000      266.13500000      1.19610422      0.00000000      1.20931734      180.00000000      0.31938058      180.00000000
20211016000000      31.33400000      266.13500000      0.96343691      0.00000000      1.43468555      180.00000000      0.62237900      180.00000000
20211116000000      31.33400000      266.13500000      0.93341495      0.00000000      1.10219221      180.00000000      0.07158577      180.00000000
20211216000000      31.33400000      266.13500000      1.10714216      0.00000000      1.01592422      180.00000000      0.33626479      0.00000000
20220116000000      31.33400000      266.13500000      1.22880177      0.00000000      0.46872676      180.00000000      0.96038103      180.00000000
20220215000000      31.33400000      266.13500000      1.13509448      0.00000000      0.44390789      180.00000000      1.02665498      180.00000000
20220316000000      31.33400000      266.13500000      1.53650088      0.00000000      0.01217544      180.00000000      2.42234854      180.00000000
20220416000000      31.33400000      266.13500000      1.64451461      0.00000000      0.15109440      0.00000000      2.70392007      180.00000000
20220516000000      31.33400000      266.13500000      1.40756787      0.00000000      0.25381079      0.00000000      1.83930360      180.00000000
20220616000000      31.33400000      266.13500000      1.68469856      0.00000000      0.31833361      180.00000000      0.53059268      0.00000000
20220716000000      31.33400000      266.13500000      1.36126471      0.00000000      1.32018592      180.00000000      2.84265153      0.00000000
20220816000000      31.33400000      266.13500000      0.78976077      0.00000000      1.40152519      180.00000000      3.20263643      0.00000000
20220916000000      31.33400000      266.13500000      1.21098606      0.00000000      1.90648438      180.00000000      2.08722752      0.00000000
20221016000000      31.33400000      266.13500000      1.04024246      0.00000000      2.42538774      180.00000000      5.60580937      0.00000000
20221116000000      31.33400000      266.13500000      1.03891867      0.00000000      1.83276311      180.00000000      3.68060830      0.00000000
20221216000000      31.33400000      266.13500000      0.86912098      0.00000000      1.24280533      180.00000000      0.81239864      0.00000000
