Extension/Epoch  Lat(+N,deg)  Lon(+E,deg)  E-Amp(mm)  E-Pha(deg)  N-Amp(mm)  N-Pha(deg)  U-Amp(mm)  U-Pha(deg) 
20160116000000      31.56100000      268.59500000      0.12437331      180.00000000      0.71232879      0.00000000      7.05043140      180.00000000
20160214000000      31.56100000      268.59500000      0.09188435      180.00000000      0.65646779      0.00000000      5.14709804      180.00000000
20160316000000      31.56100000      268.59500000      0.17748948      180.00000000      0.95922065      0.00000000      7.28453152      180.00000000
20160520000000      31.56100000      268.59500000      0.00865288      0.00000000      0.39011541      0.00000000      4.34331429      180.00000000
20160616000000      31.56100000      268.59500000      0.26294660      180.00000000      0.01618289      180.00000000      2.65280651      180.00000000
20160715000000      31.56100000      268.59500000      0.08828201      0.00000000      0.69608045      180.00000000      0.98469109      0.00000000
20160821000000      31.56100000      268.59500000      0.09568072      0.00000000      1.16462019      180.00000000      1.15234114      0.00000000
20161127000000      31.56100000      268.59500000      0.21386057      180.00000000      1.35411779      180.00000000      2.47724863      0.00000000
20161224000000      31.56100000      268.59500000      0.09795315      180.00000000      0.89380679      180.00000000      0.68994685      0.00000000
20170121000000      31.56100000      268.59500000      0.10083736      180.00000000      0.46211299      180.00000000      1.00326987      180.00000000
20170331000000      31.56100000      268.59500000      0.06018520      0.00000000      0.00398531      0.00000000      2.28819391      180.00000000
20170424000000      31.56100000      268.59500000      0.06399902      180.00000000      0.51175876      0.00000000      3.27771801      180.00000000
20170512000000      31.56100000      268.59500000      0.07643975      0.00000000      0.82883618      0.00000000      3.94401053      180.00000000
20170611000000      31.56100000      268.59500000      0.11733692      0.00000000      0.41934065      0.00000000      4.10391500      180.00000000
20180616000000      31.56100000      268.59500000      0.70446273      0.00000000      0.04633236      180.00000000      0.15117882      0.00000000
20180710000000      31.56100000      268.59500000      0.90039260      0.00000000      0.82022120      180.00000000      1.40834206      0.00000000
20181031000000      31.56100000      268.59500000      0.14399600      180.00000000      0.67685809      180.00000000      1.77587105      180.00000000
20181116000000      31.56100000      268.59500000      0.00077845      0.00000000      0.51435808      180.00000000      1.75666560      180.00000000
20181216000000      31.56100000      268.59500000      0.21228363      0.00000000      0.13896511      180.00000000      4.01114770      180.00000000
20190116000000      31.56100000      268.59500000      0.07439316      0.00000000      0.64939100      0.00000000      7.16646980      180.00000000
20190214000000      31.56100000      268.59500000      0.18774698      0.00000000      1.03791338      0.00000000      8.12677776      180.00000000
20190316000000      31.56100000      268.59500000      0.22234867      0.00000000      1.26402755      0.00000000      9.19244015      180.00000000
20190416000000      31.56100000      268.59500000      0.17645327      0.00000000      1.23933660      0.00000000      7.20856996      180.00000000
20190516000000      31.56100000      268.59500000      0.01630377      0.00000000      1.46806279      0.00000000      8.87063696      180.00000000
20190616000000      31.56100000      268.59500000      0.16864157      180.00000000      1.11027228      0.00000000      7.96039622      180.00000000
20190716000000      31.56100000      268.59500000      0.12168014      0.00000000      0.26468775      0.00000000      5.82665459      180.00000000
20190816000000      31.56100000      268.59500000      0.30438487      0.00000000      0.22538100      180.00000000      1.59277985      180.00000000
20190916000000      31.56100000      268.59500000      0.19245742      0.00000000      0.73803438      180.00000000      0.52063734      0.00000000
20191016000000      31.56100000      268.59500000      0.21089375      0.00000000      0.76549260      180.00000000      0.54175955      180.00000000
20191116000000      31.56100000      268.59500000      0.32164181      0.00000000      0.11520133      180.00000000      2.77692325      180.00000000
20191216000000      31.56100000      268.59500000      0.49769662      0.00000000      0.50650151      0.00000000      3.48952635      180.00000000
20200116000000      31.56100000      268.59500000      0.36775476      0.00000000      0.97338943      0.00000000      6.20918438      180.00000000
20200215000000      31.56100000      268.59500000      0.47880747      0.00000000      1.61258049      0.00000000      8.84613942      180.00000000
20200316000000      31.56100000      268.59500000      0.32428306      0.00000000      1.78293874      0.00000000      9.29817574      180.00000000
20200416000000      31.56100000      268.59500000      0.37902059      0.00000000      1.90144205      0.00000000      9.00553491      180.00000000
20200516000000      31.56100000      268.59500000      0.47709472      0.00000000      1.52051470      0.00000000      7.37972559      180.00000000
20200616000000      31.56100000      268.59500000      0.55146003      0.00000000      0.61745002      0.00000000      5.89779962      180.00000000
20200716000000      31.56100000      268.59500000      0.64126917      0.00000000      0.02876955      0.00000000      2.99125047      180.00000000
20200816000000      31.56100000      268.59500000      0.75161171      0.00000000      0.45600507      180.00000000      1.34646066      180.00000000
20200916000000      31.56100000      268.59500000      0.74734711      0.00000000      0.56792690      180.00000000      1.81961329      180.00000000
20201016000000      31.56100000      268.59500000      0.54997168      0.00000000      0.43691056      180.00000000      2.21834173      180.00000000
20201116000000      31.56100000      268.59500000      0.71967098      0.00000000      0.25534798      180.00000000      2.78772769      180.00000000
20201216000000      31.56100000      268.59500000      0.75393901      0.00000000      0.01360374      0.00000000      2.42236098      180.00000000
20210116000000      31.56100000      268.59500000      0.70255002      0.00000000      0.52554021      0.00000000      4.59648658      180.00000000
20210215000000      31.56100000      268.59500000      0.87333837      0.00000000      0.48987733      0.00000000      4.53448268      180.00000000
20210316000000      31.56100000      268.59500000      0.95512725      0.00000000      0.99615021      0.00000000      7.16049625      180.00000000
20210416000000      31.56100000      268.59500000      0.92808791      0.00000000      0.79699777      0.00000000      6.85065658      180.00000000
20210516000000      31.56100000      268.59500000      0.57417500      0.00000000      0.75927438      0.00000000      7.03795115      180.00000000
20210616000000      31.56100000      268.59500000      0.58127153      0.00000000      0.36775987      0.00000000      6.37716044      180.00000000
20210716000000      31.56100000      268.59500000      0.61514300      0.00000000      0.21085428      180.00000000      4.60633574      180.00000000
20210816000000      31.56100000      268.59500000      0.65262860      0.00000000      0.87122742      180.00000000      2.52779263      180.00000000
20210916000000      31.56100000      268.59500000      0.90027814      0.00000000      1.01872331      180.00000000      1.68258975      180.00000000
20211016000000      31.56100000      268.59500000      0.74014915      0.00000000      1.34224075      180.00000000      1.36616079      180.00000000
20211116000000      31.56100000      268.59500000      0.62329776      0.00000000      1.00660493      180.00000000      0.84108350      180.00000000
20211216000000      31.56100000      268.59500000      0.77022153      0.00000000      0.82760308      180.00000000      0.96651362      180.00000000
20220116000000      31.56100000      268.59500000      0.80307770      0.00000000      0.21109720      180.00000000      2.56101250      180.00000000
20220215000000      31.56100000      268.59500000      0.89856900      0.00000000      0.21296508      180.00000000      2.45642971      180.00000000
20220316000000      31.56100000      268.59500000      0.93263412      0.00000000      0.34743700      0.00000000      4.77825941      180.00000000
20220416000000      31.56100000      268.59500000      0.99206735      0.00000000      0.44475884      0.00000000      4.98264246      180.00000000
20220516000000      31.56100000      268.59500000      0.87320314      0.00000000      0.45960989      0.00000000      3.90125181      180.00000000
20220616000000      31.56100000      268.59500000      0.95103726      0.00000000      0.04202566      0.00000000      2.29212075      180.00000000
20220716000000      31.56100000      268.59500000      1.10939973      0.00000000      1.13477732      180.00000000      1.21581621      0.00000000
20220816000000      31.56100000      268.59500000      0.79722263      0.00000000      1.44717825      180.00000000      2.98396394      0.00000000
20220916000000      31.56100000      268.59500000      0.80669212      0.00000000      1.70210601      180.00000000      0.91257017      0.00000000
20221016000000      31.56100000      268.59500000      1.02500402      0.00000000      2.30473285      180.00000000      4.76521443      0.00000000
20221116000000      31.56100000      268.59500000      0.85185548      0.00000000      1.73092034      180.00000000      2.82976091      0.00000000
20221216000000      31.56100000      268.59500000      0.75440844      0.00000000      1.31120851      180.00000000      0.56324059      0.00000000
