Extension/Epoch  Lat(+N,deg)  Lon(+E,deg)  E-Amp(mm)  E-Pha(deg)  N-Amp(mm)  N-Pha(deg)  U-Amp(mm)  U-Pha(deg) 
10.56m-area1      30.32570000      268.89220000      0.00135702      180.00000000      0.00306376      0.00000000      0.00860129      180.00000000
10.56m-area10      30.32570000      268.89220000      0.00442439      180.00000000      0.00532080      0.00000000      0.01672749      180.00000000
10.56m-area11      30.32570000      268.89220000      0.00507725      180.00000000      0.00538568      0.00000000      0.01789125      180.00000000
10.56m-area12      30.32570000      268.89220000      0.00570341      180.00000000      0.00509874      0.00000000      0.01849858      180.00000000
10.56m-area13      30.32570000      268.89220000      0.00628505      180.00000000      0.00471097      0.00000000      0.01900117      180.00000000
10.56m-area14      30.32570000      268.89220000      0.00690259      180.00000000      0.00412637      0.00000000      0.01944507      180.00000000
10.56m-area15      30.32570000      268.89220000      0.00708857      180.00000000      0.00337062      0.00000000      0.01897402      180.00000000
10.56m-area16      30.32570000      268.89220000      0.00683205      180.00000000      0.00252859      0.00000000      0.01760776      180.00000000
10.56m-area17      30.32570000      268.89220000      0.00745367      180.00000000      0.00214073      0.00000000      0.01874497      180.00000000
10.56m-area18      30.32570000      268.89220000      0.00780522      180.00000000      0.00163233      0.00000000      0.01927897      180.00000000
10.56m-area19      30.32570000      268.89220000      0.00808524      180.00000000      0.00108278      0.00000000      0.01975090      180.00000000
10.56m-area2      30.32570000      268.89220000      0.00150526      180.00000000      0.00329808      0.00000000      0.00920532      180.00000000
10.56m-area20      30.32570000      268.89220000      0.00953947      180.00000000      0.00138812      0.00000000      0.02345071      180.00000000
10.56m-area21      30.32570000      268.89220000      0.01031110      180.00000000      0.00164231      0.00000000      0.02559658      180.00000000
10.56m-area22      30.32570000      268.89220000      0.01233315      180.00000000      0.00243205      0.00000000      0.03115340      180.00000000
10.56m-area23      30.32570000      268.89220000      0.01318091      180.00000000      0.00339790      0.00000000      0.03418839      180.00000000
10.56m-area24      30.32570000      268.89220000      0.01484162      180.00000000      0.00491695      0.00000000      0.03990511      180.00000000
10.56m-area25      30.32570000      268.89220000      0.01724144      180.00000000      0.00647482      0.00000000      0.04799833      180.00000000
10.56m-area26      30.32570000      268.89220000      0.02190916      180.00000000      0.00875766      0.00000000      0.06312669      180.00000000
10.56m-area27      30.32570000      268.89220000      0.02635352      180.00000000      0.01000978      0.00000000      0.07781467      180.00000000
10.56m-area28      30.32570000      268.89220000      0.03597658      180.00000000      0.00707676      0.00000000      0.10468321      180.00000000
10.56m-area29      30.32570000      268.89220000      0.03994092      180.00000000      0.00360174      180.00000000      0.11574330      180.00000000
10.56m-area3      30.32570000      268.89220000      0.00169896      180.00000000      0.00352253      0.00000000      0.00983449      180.00000000
10.56m-area30      30.32570000      268.89220000      0.02951224      180.00000000      0.00948228      180.00000000      0.08663724      180.00000000
10.56m-area31      30.32570000      268.89220000      0.02666979      180.00000000      0.00673634      180.00000000      0.07467663      180.00000000
10.56m-area32      30.32570000      268.89220000      0.02009459      180.00000000      0.00414858      180.00000000      0.05425099      180.00000000
10.56m-area33      30.32570000      268.89220000      0.01710463      180.00000000      0.00248105      180.00000000      0.04467066      180.00000000
10.56m-area34      30.32570000      268.89220000      0.01456800      180.00000000      0.00184595      180.00000000      0.03719830      180.00000000
10.56m-area35      30.32570000      268.89220000      0.01316754      180.00000000      0.00176308      180.00000000      0.03309745      180.00000000
10.56m-area36      30.32570000      268.89220000      0.01081519      180.00000000      0.00145110      180.00000000      0.02683982      180.00000000
10.56m-area37      30.32570000      268.89220000      0.00997341      180.00000000      0.00121791      180.00000000      0.02449651      180.00000000
10.56m-area4      30.32570000      268.89220000      0.00193107      180.00000000      0.00375535      0.00000000      0.01052461      180.00000000
10.56m-area5      30.32570000      268.89220000      0.00219844      180.00000000      0.00401813      0.00000000      0.01132020      180.00000000
10.56m-area6      30.32570000      268.89220000      0.00251324      180.00000000      0.00429956      0.00000000      0.01221766      180.00000000
10.56m-area7      30.32570000      268.89220000      0.00305175      180.00000000      0.00488098      0.00000000      0.01403100      180.00000000
10.56m-area8      30.32570000      268.89220000      0.00351448      180.00000000      0.00520785      0.00000000      0.01524449      180.00000000
10.56m-area9      30.32570000      268.89220000      0.00383560      180.00000000      0.00513000      0.00000000      0.01550336      180.00000000
10.71m-area1      30.32570000      268.89220000      0.00137630      180.00000000      0.00310728      0.00000000      0.00872347      180.00000000
10.71m-area10      30.32570000      268.89220000      0.00448724      180.00000000      0.00539637      0.00000000      0.01696509      180.00000000
10.71m-area11      30.32570000      268.89220000      0.00514937      180.00000000      0.00546218      0.00000000      0.01814538      180.00000000
10.71m-area12      30.32570000      268.89220000      0.00578442      180.00000000      0.00517117      0.00000000      0.01876134      180.00000000
10.71m-area13      30.32570000      268.89220000      0.00637432      180.00000000      0.00477789      0.00000000      0.01927107      180.00000000
10.71m-area14      30.32570000      268.89220000      0.00700064      180.00000000      0.00418498      0.00000000      0.01972128      180.00000000
10.71m-area15      30.32570000      268.89220000      0.00718926      180.00000000      0.00341850      0.00000000      0.01924353      180.00000000
10.71m-area16      30.32570000      268.89220000      0.00692910      180.00000000      0.00256451      0.00000000      0.01785787      180.00000000
10.71m-area17      30.32570000      268.89220000      0.00755954      180.00000000      0.00217113      0.00000000      0.01901123      180.00000000
10.71m-area18      30.32570000      268.89220000      0.00791609      180.00000000      0.00165552      0.00000000      0.01955282      180.00000000
10.71m-area19      30.32570000      268.89220000      0.00820009      180.00000000      0.00109816      0.00000000      0.02003145      180.00000000
10.71m-area2      30.32570000      268.89220000      0.00152664      180.00000000      0.00334492      0.00000000      0.00933608      180.00000000
10.71m-area20      30.32570000      268.89220000      0.00967498      180.00000000      0.00140783      0.00000000      0.02378381      180.00000000
10.71m-area21      30.32570000      268.89220000      0.01045756      180.00000000      0.00166564      0.00000000      0.02596017      180.00000000
10.71m-area22      30.32570000      268.89220000      0.01250834      180.00000000      0.00246660      0.00000000      0.03159592      180.00000000
10.71m-area23      30.32570000      268.89220000      0.01336813      180.00000000      0.00344617      0.00000000      0.03467402      180.00000000
10.71m-area24      30.32570000      268.89220000      0.01505244      180.00000000      0.00498679      0.00000000      0.04047195      180.00000000
10.71m-area25      30.32570000      268.89220000      0.01748635      180.00000000      0.00656679      0.00000000      0.04868013      180.00000000
10.71m-area26      30.32570000      268.89220000      0.02222037      180.00000000      0.00888206      0.00000000      0.06402338      180.00000000
10.71m-area27      30.32570000      268.89220000      0.02672786      180.00000000      0.01015197      0.00000000      0.07891999      180.00000000
10.71m-area28      30.32570000      268.89220000      0.03648761      180.00000000      0.00717728      0.00000000      0.10617018      180.00000000
10.71m-area29      30.32570000      268.89220000      0.04050826      180.00000000      0.00365290      180.00000000      0.11738738      180.00000000
10.71m-area3      30.32570000      268.89220000      0.00172309      180.00000000      0.00357257      0.00000000      0.00997418      180.00000000
10.71m-area30      30.32570000      268.89220000      0.02993145      180.00000000      0.00961697      180.00000000      0.08786788      180.00000000
10.71m-area31      30.32570000      268.89220000      0.02704863      180.00000000      0.00683202      180.00000000      0.07573737      180.00000000
10.71m-area32      30.32570000      268.89220000      0.02038002      180.00000000      0.00420751      180.00000000      0.05502160      180.00000000
10.71m-area33      30.32570000      268.89220000      0.01734760      180.00000000      0.00251629      180.00000000      0.04530518      180.00000000
10.71m-area34      30.32570000      268.89220000      0.01477493      180.00000000      0.00187218      180.00000000      0.03772668      180.00000000
10.71m-area35      30.32570000      268.89220000      0.01335457      180.00000000      0.00178813      180.00000000      0.03356758      180.00000000
10.71m-area36      30.32570000      268.89220000      0.01096881      180.00000000      0.00147171      180.00000000      0.02722107      180.00000000
10.71m-area37      30.32570000      268.89220000      0.01011508      180.00000000      0.00123521      180.00000000      0.02484447      180.00000000
10.71m-area4      30.32570000      268.89220000      0.00195850      180.00000000      0.00380869      0.00000000      0.01067411      180.00000000
10.71m-area5      30.32570000      268.89220000      0.00222967      180.00000000      0.00407521      0.00000000      0.01148100      180.00000000
10.71m-area6      30.32570000      268.89220000      0.00254894      180.00000000      0.00436063      0.00000000      0.01239121      180.00000000
10.71m-area7      30.32570000      268.89220000      0.00309509      180.00000000      0.00495031      0.00000000      0.01423031      180.00000000
10.71m-area8      30.32570000      268.89220000      0.00356440      180.00000000      0.00528183      0.00000000      0.01546103      180.00000000
10.71m-area9      30.32570000      268.89220000      0.00389008      180.00000000      0.00520287      0.00000000      0.01572358      180.00000000
10.87m-area1      30.32570000      268.89220000      0.00139686      180.00000000      0.00315370      0.00000000      0.00885379      180.00000000
10.87m-area10      30.32570000      268.89220000      0.00455427      180.00000000      0.00547699      0.00000000      0.01721854      180.00000000
10.87m-area11      30.32570000      268.89220000      0.00522630      180.00000000      0.00554378      0.00000000      0.01841646      180.00000000
10.87m-area12      30.32570000      268.89220000      0.00587084      180.00000000      0.00524842      0.00000000      0.01904162      180.00000000
10.87m-area13      30.32570000      268.89220000      0.00646955      180.00000000      0.00484927      0.00000000      0.01955897      180.00000000
10.87m-area14      30.32570000      268.89220000      0.00710523      180.00000000      0.00424750      0.00000000      0.02001590      180.00000000
10.87m-area15      30.32570000      268.89220000      0.00729666      180.00000000      0.00346957      0.00000000      0.01953102      180.00000000
10.87m-area16      30.32570000      268.89220000      0.00703262      180.00000000      0.00260282      0.00000000      0.01812465      180.00000000
10.87m-area17      30.32570000      268.89220000      0.00767248      180.00000000      0.00220357      0.00000000      0.01929524      180.00000000
10.87m-area18      30.32570000      268.89220000      0.00803435      180.00000000      0.00168025      0.00000000      0.01984492      180.00000000
10.87m-area19      30.32570000      268.89220000      0.00832259      180.00000000      0.00111457      0.00000000      0.02033071      180.00000000
10.87m-area2      30.32570000      268.89220000      0.00154945      180.00000000      0.00339490      0.00000000      0.00947555      180.00000000
10.87m-area20      30.32570000      268.89220000      0.00981952      180.00000000      0.00142887      0.00000000      0.02413913      180.00000000
10.87m-area21      30.32570000      268.89220000      0.01061379      180.00000000      0.00169052      0.00000000      0.02634799      180.00000000
10.87m-area22      30.32570000      268.89220000      0.01269520      180.00000000      0.00250345      0.00000000      0.03206794      180.00000000
10.87m-area23      30.32570000      268.89220000      0.01356785      180.00000000      0.00349765      0.00000000      0.03519202      180.00000000
10.87m-area24      30.32570000      268.89220000      0.01527731      180.00000000      0.00506129      0.00000000      0.04107657      180.00000000
10.87m-area25      30.32570000      268.89220000      0.01774759      180.00000000      0.00666489      0.00000000      0.04940737      180.00000000
10.87m-area26      30.32570000      268.89220000      0.02255232      180.00000000      0.00901475      0.00000000      0.06497984      180.00000000
10.87m-area27      30.32570000      268.89220000      0.02712715      180.00000000      0.01030363      0.00000000      0.08009900      180.00000000
10.87m-area28      30.32570000      268.89220000      0.03703271      180.00000000      0.00728451      0.00000000      0.10775629      180.00000000
10.87m-area29      30.32570000      268.89220000      0.04111342      180.00000000      0.00370747      180.00000000      0.11914106      180.00000000
10.87m-area3      30.32570000      268.89220000      0.00174883      180.00000000      0.00362594      0.00000000      0.01012319      180.00000000
10.87m-area30      30.32570000      268.89220000      0.03037860      180.00000000      0.00976064      180.00000000      0.08918057      180.00000000
10.87m-area31      30.32570000      268.89220000      0.02745271      180.00000000      0.00693409      180.00000000      0.07686884      180.00000000
10.87m-area32      30.32570000      268.89220000      0.02068448      180.00000000      0.00427037      180.00000000      0.05584359      180.00000000
10.87m-area33      30.32570000      268.89220000      0.01760676      180.00000000      0.00255388      180.00000000      0.04598201      180.00000000
10.87m-area34      30.32570000      268.89220000      0.01499565      180.00000000      0.00190014      180.00000000      0.03829030      180.00000000
10.87m-area35      30.32570000      268.89220000      0.01355408      180.00000000      0.00181484      180.00000000      0.03406906      180.00000000
10.87m-area36      30.32570000      268.89220000      0.01113268      180.00000000      0.00149370      180.00000000      0.02762774      180.00000000
10.87m-area37      30.32570000      268.89220000      0.01026619      180.00000000      0.00125367      180.00000000      0.02521563      180.00000000
10.87m-area4      30.32570000      268.89220000      0.00198776      180.00000000      0.00386559      0.00000000      0.01083357      180.00000000
10.87m-area5      30.32570000      268.89220000      0.00226298      180.00000000      0.00413609      0.00000000      0.01165252      180.00000000
10.87m-area6      30.32570000      268.89220000      0.00258702      180.00000000      0.00442577      0.00000000      0.01257632      180.00000000
10.87m-area7      30.32570000      268.89220000      0.00314133      180.00000000      0.00502426      0.00000000      0.01444290      180.00000000
10.87m-area8      30.32570000      268.89220000      0.00361765      180.00000000      0.00536073      0.00000000      0.01569201      180.00000000
10.87m-area9      30.32570000      268.89220000      0.00394820      180.00000000      0.00528060      0.00000000      0.01595848      180.00000000
4.28m-area1      30.32570000      268.89220000      0.00055001      180.00000000      0.00124175      0.00000000      0.00348613      180.00000000
4.28m-area10      30.32570000      268.89220000      0.00179322      180.00000000      0.00215653      0.00000000      0.00677970      180.00000000
4.28m-area11      30.32570000      268.89220000      0.00205783      180.00000000      0.00218283      0.00000000      0.00725138      180.00000000
4.28m-area12      30.32570000      268.89220000      0.00231161      180.00000000      0.00206654      0.00000000      0.00749753      180.00000000
4.28m-area13      30.32570000      268.89220000      0.00254735      180.00000000      0.00190937      0.00000000      0.00770123      180.00000000
4.28m-area14      30.32570000      268.89220000      0.00279764      180.00000000      0.00167243      0.00000000      0.00788114      180.00000000
4.28m-area15      30.32570000      268.89220000      0.00287302      180.00000000      0.00136612      0.00000000      0.00769023      180.00000000
4.28m-area16      30.32570000      268.89220000      0.00276905      180.00000000      0.00102485      0.00000000      0.00713648      180.00000000
4.28m-area17      30.32570000      268.89220000      0.00302099      180.00000000      0.00086764      0.00000000      0.00759739      180.00000000
4.28m-area18      30.32570000      268.89220000      0.00316348      180.00000000      0.00066159      0.00000000      0.00781382      180.00000000
4.28m-area19      30.32570000      268.89220000      0.00327697      180.00000000      0.00043886      0.00000000      0.00800510      180.00000000
4.28m-area2      30.32570000      268.89220000      0.00061009      180.00000000      0.00133672      0.00000000      0.00373094      180.00000000
4.28m-area20      30.32570000      268.89220000      0.00386638      180.00000000      0.00056261      0.00000000      0.00950464      180.00000000
4.28m-area21      30.32570000      268.89220000      0.00417912      180.00000000      0.00066563      0.00000000      0.01037437      180.00000000
4.28m-area22      30.32570000      268.89220000      0.00499866      180.00000000      0.00098572      0.00000000      0.01262657      180.00000000
4.28m-area23      30.32570000      268.89220000      0.00534226      180.00000000      0.00137718      0.00000000      0.01385666      180.00000000
4.28m-area24      30.32570000      268.89220000      0.00601535      180.00000000      0.00199285      0.00000000      0.01617366      180.00000000
4.28m-area25      30.32570000      268.89220000      0.00698801      180.00000000      0.00262426      0.00000000      0.01945387      180.00000000
4.28m-area26      30.32570000      268.89220000      0.00887985      180.00000000      0.00354951      0.00000000      0.02558544      180.00000000
4.28m-area27      30.32570000      268.89220000      0.01068116      180.00000000      0.00405699      0.00000000      0.03153852      180.00000000
4.28m-area28      30.32570000      268.89220000      0.01458142      180.00000000      0.00286823      0.00000000      0.04242842      180.00000000
4.28m-area29      30.32570000      268.89220000      0.01618817      180.00000000      0.00145980      180.00000000      0.04691111      180.00000000
4.28m-area3      30.32570000      268.89220000      0.00068859      180.00000000      0.00142769      0.00000000      0.00398595      180.00000000
4.28m-area30      30.32570000      268.89220000      0.01196140      180.00000000      0.00384319      180.00000000      0.03511433      180.00000000
4.28m-area31      30.32570000      268.89220000      0.01080935      180.00000000      0.00273026      180.00000000      0.03026666      180.00000000
4.28m-area32      30.32570000      268.89220000      0.00814440      180.00000000      0.00168143      180.00000000      0.02198809      180.00000000
4.28m-area33      30.32570000      268.89220000      0.00693256      180.00000000      0.00100558      180.00000000      0.01810515      180.00000000
4.28m-area34      30.32570000      268.89220000      0.00590445      180.00000000      0.00074817      180.00000000      0.01507658      180.00000000
4.28m-area35      30.32570000      268.89220000      0.00533684      180.00000000      0.00071458      180.00000000      0.01341450      180.00000000
4.28m-area36      30.32570000      268.89220000      0.00438343      180.00000000      0.00058814      180.00000000      0.01087826      180.00000000
4.28m-area37      30.32570000      268.89220000      0.00404225      180.00000000      0.00049362      180.00000000      0.00992851      180.00000000
4.28m-area4      30.32570000      268.89220000      0.00078267      180.00000000      0.00152206      0.00000000      0.00426566      180.00000000
4.28m-area5      30.32570000      268.89220000      0.00089104      180.00000000      0.00162856      0.00000000      0.00458811      180.00000000
4.28m-area6      30.32570000      268.89220000      0.00101863      180.00000000      0.00174262      0.00000000      0.00495186      180.00000000
4.28m-area7      30.32570000      268.89220000      0.00123688      180.00000000      0.00197827      0.00000000      0.00568681      180.00000000
4.28m-area8      30.32570000      268.89220000      0.00142443      180.00000000      0.00211076      0.00000000      0.00617864      180.00000000
4.28m-area9      30.32570000      268.89220000      0.00155458      180.00000000      0.00207920      0.00000000      0.00628356      180.00000000
4.31m-area1      30.32570000      268.89220000      0.00055386      180.00000000      0.00125046      0.00000000      0.00351056      180.00000000
4.31m-area10      30.32570000      268.89220000      0.00180579      180.00000000      0.00217165      0.00000000      0.00682722      180.00000000
4.31m-area11      30.32570000      268.89220000      0.00207225      180.00000000      0.00219813      0.00000000      0.00730220      180.00000000
4.31m-area12      30.32570000      268.89220000      0.00232781      180.00000000      0.00208102      0.00000000      0.00755008      180.00000000
4.31m-area13      30.32570000      268.89220000      0.00256520      180.00000000      0.00192275      0.00000000      0.00775521      180.00000000
4.31m-area14      30.32570000      268.89220000      0.00281725      180.00000000      0.00168415      0.00000000      0.00793639      180.00000000
4.31m-area15      30.32570000      268.89220000      0.00289315      180.00000000      0.00137570      0.00000000      0.00774413      180.00000000
4.31m-area16      30.32570000      268.89220000      0.00278846      180.00000000      0.00103203      0.00000000      0.00718650      180.00000000
4.31m-area17      30.32570000      268.89220000      0.00304217      180.00000000      0.00087372      0.00000000      0.00765064      180.00000000
4.31m-area18      30.32570000      268.89220000      0.00318565      180.00000000      0.00066623      0.00000000      0.00786859      180.00000000
4.31m-area19      30.32570000      268.89220000      0.00329994      180.00000000      0.00044193      0.00000000      0.00806121      180.00000000
4.31m-area2      30.32570000      268.89220000      0.00061436      180.00000000      0.00134609      0.00000000      0.00375710      180.00000000
4.31m-area20      30.32570000      268.89220000      0.00389348      180.00000000      0.00056655      0.00000000      0.00957126      180.00000000
4.31m-area21      30.32570000      268.89220000      0.00420841      180.00000000      0.00067030      0.00000000      0.01044709      180.00000000
4.31m-area22      30.32570000      268.89220000      0.00503370      180.00000000      0.00099263      0.00000000      0.01271507      180.00000000
4.31m-area23      30.32570000      268.89220000      0.00537971      180.00000000      0.00138683      0.00000000      0.01395378      180.00000000
4.31m-area24      30.32570000      268.89220000      0.00605752      180.00000000      0.00200682      0.00000000      0.01628703      180.00000000
4.31m-area25      30.32570000      268.89220000      0.00703699      180.00000000      0.00264266      0.00000000      0.01959023      180.00000000
4.31m-area26      30.32570000      268.89220000      0.00894209      180.00000000      0.00357439      0.00000000      0.02576478      180.00000000
4.31m-area27      30.32570000      268.89220000      0.01075603      180.00000000      0.00408543      0.00000000      0.03175959      180.00000000
4.31m-area28      30.32570000      268.89220000      0.01468362      180.00000000      0.00288834      0.00000000      0.04272582      180.00000000
4.31m-area29      30.32570000      268.89220000      0.01630164      180.00000000      0.00147003      180.00000000      0.04723992      180.00000000
4.31m-area3      30.32570000      268.89220000      0.00069342      180.00000000      0.00143770      0.00000000      0.00401389      180.00000000
4.31m-area30      30.32570000      268.89220000      0.01204524      180.00000000      0.00387013      180.00000000      0.03536046      180.00000000
4.31m-area31      30.32570000      268.89220000      0.01088512      180.00000000      0.00274939      180.00000000      0.03047881      180.00000000
4.31m-area32      30.32570000      268.89220000      0.00820148      180.00000000      0.00169322      180.00000000      0.02214221      180.00000000
4.31m-area33      30.32570000      268.89220000      0.00698115      180.00000000      0.00101263      180.00000000      0.01823206      180.00000000
4.31m-area34      30.32570000      268.89220000      0.00594584      180.00000000      0.00075342      180.00000000      0.01518226      180.00000000
4.31m-area35      30.32570000      268.89220000      0.00537425      180.00000000      0.00071959      180.00000000      0.01350852      180.00000000
4.31m-area36      30.32570000      268.89220000      0.00441415      180.00000000      0.00059226      180.00000000      0.01095451      180.00000000
4.31m-area37      30.32570000      268.89220000      0.00407059      180.00000000      0.00049708      180.00000000      0.00999810      180.00000000
4.31m-area4      30.32570000      268.89220000      0.00078816      180.00000000      0.00153272      0.00000000      0.00429556      180.00000000
4.31m-area5      30.32570000      268.89220000      0.00089728      180.00000000      0.00163998      0.00000000      0.00462027      180.00000000
4.31m-area6      30.32570000      268.89220000      0.00102577      180.00000000      0.00175484      0.00000000      0.00498656      180.00000000
4.31m-area7      30.32570000      268.89220000      0.00124555      180.00000000      0.00199214      0.00000000      0.00572667      180.00000000
4.31m-area8      30.32570000      268.89220000      0.00143441      180.00000000      0.00212555      0.00000000      0.00622195      180.00000000
4.31m-area9      30.32570000      268.89220000      0.00156548      180.00000000      0.00209378      0.00000000      0.00632760      180.00000000
4.93m-area1      30.32570000      268.89220000      0.00063353      180.00000000      0.00143034      0.00000000      0.00401556      180.00000000
4.93m-area10      30.32570000      268.89220000      0.00206555      180.00000000      0.00248405      0.00000000      0.00780933      180.00000000
4.93m-area11      30.32570000      268.89220000      0.00237035      180.00000000      0.00251434      0.00000000      0.00835264      180.00000000
4.93m-area12      30.32570000      268.89220000      0.00266267      180.00000000      0.00238038      0.00000000      0.00863617      180.00000000
4.93m-area13      30.32570000      268.89220000      0.00293421      180.00000000      0.00219934      0.00000000      0.00887081      180.00000000
4.93m-area14      30.32570000      268.89220000      0.00322252      180.00000000      0.00192642      0.00000000      0.00907805      180.00000000
4.93m-area15      30.32570000      268.89220000      0.00330934      180.00000000      0.00157359      0.00000000      0.00885813      180.00000000
4.93m-area16      30.32570000      268.89220000      0.00318959      180.00000000      0.00118049      0.00000000      0.00822029      180.00000000
4.93m-area17      30.32570000      268.89220000      0.00347979      180.00000000      0.00099941      0.00000000      0.00875120      180.00000000
4.93m-area18      30.32570000      268.89220000      0.00364391      180.00000000      0.00076206      0.00000000      0.00900050      180.00000000
4.93m-area19      30.32570000      268.89220000      0.00377464      180.00000000      0.00050550      0.00000000      0.00922083      180.00000000
4.93m-area2      30.32570000      268.89220000      0.00070274      180.00000000      0.00153973      0.00000000      0.00429756      180.00000000
4.93m-area20      30.32570000      268.89220000      0.00445356      180.00000000      0.00064805      0.00000000      0.01094810      180.00000000
4.93m-area21      30.32570000      268.89220000      0.00481380      180.00000000      0.00076672      0.00000000      0.01194992      180.00000000
4.93m-area22      30.32570000      268.89220000      0.00575781      180.00000000      0.00113542      0.00000000      0.01454415      180.00000000
4.93m-area23      30.32570000      268.89220000      0.00615359      180.00000000      0.00158633      0.00000000      0.01596106      180.00000000
4.93m-area24      30.32570000      268.89220000      0.00692890      180.00000000      0.00229551      0.00000000      0.01862994      180.00000000
4.93m-area25      30.32570000      268.89220000      0.00804927      180.00000000      0.00302281      0.00000000      0.02240831      180.00000000
4.93m-area26      30.32570000      268.89220000      0.01022842      180.00000000      0.00408857      0.00000000      0.02947108      180.00000000
4.93m-area27      30.32570000      268.89220000      0.01230330      180.00000000      0.00467313      0.00000000      0.03632825      180.00000000
4.93m-area28      30.32570000      268.89220000      0.01679589      180.00000000      0.00330383      0.00000000      0.04887199      180.00000000
4.93m-area29      30.32570000      268.89220000      0.01864666      180.00000000      0.00168149      180.00000000      0.05403546      180.00000000
4.93m-area3      30.32570000      268.89220000      0.00079317      180.00000000      0.00164452      0.00000000      0.00459129      180.00000000
4.93m-area30      30.32570000      268.89220000      0.01377797      180.00000000      0.00442686      180.00000000      0.04044712      180.00000000
4.93m-area31      30.32570000      268.89220000      0.01245096      180.00000000      0.00314490      180.00000000      0.03486324      180.00000000
4.93m-area32      30.32570000      268.89220000      0.00938128      180.00000000      0.00193679      180.00000000      0.02532740      180.00000000
4.93m-area33      30.32570000      268.89220000      0.00798540      180.00000000      0.00115829      180.00000000      0.02085477      180.00000000
4.93m-area34      30.32570000      268.89220000      0.00680116      180.00000000      0.00086179      180.00000000      0.01736625      180.00000000
4.93m-area35      30.32570000      268.89220000      0.00614734      180.00000000      0.00082311      180.00000000      0.01545174      180.00000000
4.93m-area36      30.32570000      268.89220000      0.00504914      180.00000000      0.00067746      180.00000000      0.01253033      180.00000000
4.93m-area37      30.32570000      268.89220000      0.00465615      180.00000000      0.00056859      180.00000000      0.01143634      180.00000000
4.93m-area4      30.32570000      268.89220000      0.00090153      180.00000000      0.00175321      0.00000000      0.00491348      180.00000000
4.93m-area5      30.32570000      268.89220000      0.00102636      180.00000000      0.00187589      0.00000000      0.00528490      180.00000000
4.93m-area6      30.32570000      268.89220000      0.00117332      180.00000000      0.00200727      0.00000000      0.00570389      180.00000000
4.93m-area7      30.32570000      268.89220000      0.00142473      180.00000000      0.00227871      0.00000000      0.00655046      180.00000000
4.93m-area8      30.32570000      268.89220000      0.00164076      180.00000000      0.00243132      0.00000000      0.00711698      180.00000000
4.93m-area9      30.32570000      268.89220000      0.00179067      180.00000000      0.00239497      0.00000000      0.00723784      180.00000000
5.05m-area1      30.32570000      268.89220000      0.00064896      180.00000000      0.00146515      0.00000000      0.00411331      180.00000000
5.05m-area10      30.32570000      268.89220000      0.00211583      180.00000000      0.00254451      0.00000000      0.00799941      180.00000000
5.05m-area11      30.32570000      268.89220000      0.00242804      180.00000000      0.00257554      0.00000000      0.00855595      180.00000000
5.05m-area12      30.32570000      268.89220000      0.00272748      180.00000000      0.00243832      0.00000000      0.00884638      180.00000000
5.05m-area13      30.32570000      268.89220000      0.00300563      180.00000000      0.00225288      0.00000000      0.00908673      180.00000000
5.05m-area14      30.32570000      268.89220000      0.00330096      180.00000000      0.00197331      0.00000000      0.00929901      180.00000000
5.05m-area15      30.32570000      268.89220000      0.00338989      180.00000000      0.00161190      0.00000000      0.00907375      180.00000000
5.05m-area16      30.32570000      268.89220000      0.00326722      180.00000000      0.00120922      0.00000000      0.00842038      180.00000000
5.05m-area17      30.32570000      268.89220000      0.00356449      180.00000000      0.00102374      0.00000000      0.00896421      180.00000000
5.05m-area18      30.32570000      268.89220000      0.00373261      180.00000000      0.00078061      0.00000000      0.00921958      180.00000000
5.05m-area19      30.32570000      268.89220000      0.00386652      180.00000000      0.00051781      0.00000000      0.00944527      180.00000000
5.05m-area2      30.32570000      268.89220000      0.00071985      180.00000000      0.00157721      0.00000000      0.00440217      180.00000000
5.05m-area20      30.32570000      268.89220000      0.00456196      180.00000000      0.00066382      0.00000000      0.01121459      180.00000000
5.05m-area21      30.32570000      268.89220000      0.00493097      180.00000000      0.00078538      0.00000000      0.01224079      180.00000000
5.05m-area22      30.32570000      268.89220000      0.00589796      180.00000000      0.00116306      0.00000000      0.01489817      180.00000000
5.05m-area23      30.32570000      268.89220000      0.00630337      180.00000000      0.00162494      0.00000000      0.01634956      180.00000000
5.05m-area24      30.32570000      268.89220000      0.00709755      180.00000000      0.00235138      0.00000000      0.01908341      180.00000000
5.05m-area25      30.32570000      268.89220000      0.00824520      180.00000000      0.00309638      0.00000000      0.02295375      180.00000000
5.05m-area26      30.32570000      268.89220000      0.01047739      180.00000000      0.00418809      0.00000000      0.03018843      180.00000000
5.05m-area27      30.32570000      268.89220000      0.01260277      180.00000000      0.00478687      0.00000000      0.03721251      180.00000000
5.05m-area28      30.32570000      268.89220000      0.01720471      180.00000000      0.00338425      0.00000000      0.05006157      180.00000000
5.05m-area29      30.32570000      268.89220000      0.01910053      180.00000000      0.00172242      180.00000000      0.05535072      180.00000000
5.05m-area3      30.32570000      268.89220000      0.00081247      180.00000000      0.00168454      0.00000000      0.00470305      180.00000000
5.05m-area30      30.32570000      268.89220000      0.01411333      180.00000000      0.00453461      180.00000000      0.04143163      180.00000000
5.05m-area31      30.32570000      268.89220000      0.01275402      180.00000000      0.00322145      180.00000000      0.03571183      180.00000000
5.05m-area32      30.32570000      268.89220000      0.00960963      180.00000000      0.00198393      180.00000000      0.02594389      180.00000000
5.05m-area33      30.32570000      268.89220000      0.00817977      180.00000000      0.00118649      180.00000000      0.02136239      180.00000000
5.05m-area34      30.32570000      268.89220000      0.00696670      180.00000000      0.00088277      180.00000000      0.01778896      180.00000000
5.05m-area35      30.32570000      268.89220000      0.00629697      180.00000000      0.00084314      180.00000000      0.01582785      180.00000000
5.05m-area36      30.32570000      268.89220000      0.00517204      180.00000000      0.00069395      180.00000000      0.01283533      180.00000000
5.05m-area37      30.32570000      268.89220000      0.00476948      180.00000000      0.00058243      180.00000000      0.01171471      180.00000000
5.05m-area4      30.32570000      268.89220000      0.00092348      180.00000000      0.00179588      0.00000000      0.00503308      180.00000000
5.05m-area5      30.32570000      268.89220000      0.00105134      180.00000000      0.00192155      0.00000000      0.00541354      180.00000000
5.05m-area6      30.32570000      268.89220000      0.00120188      180.00000000      0.00205613      0.00000000      0.00584273      180.00000000
5.05m-area7      30.32570000      268.89220000      0.00145940      180.00000000      0.00233418      0.00000000      0.00670990      180.00000000
5.05m-area8      30.32570000      268.89220000      0.00168069      180.00000000      0.00249050      0.00000000      0.00729021      180.00000000
5.05m-area9      30.32570000      268.89220000      0.00183426      180.00000000      0.00245327      0.00000000      0.00741401      180.00000000
5.26m-area1      30.32570000      268.89220000      0.00067594      180.00000000      0.00152608      0.00000000      0.00428435      180.00000000
5.26m-area10      30.32570000      268.89220000      0.00220382      180.00000000      0.00265032      0.00000000      0.00833206      180.00000000
5.26m-area11      30.32570000      268.89220000      0.00252901      180.00000000      0.00268264      0.00000000      0.00891174      180.00000000
5.26m-area12      30.32570000      268.89220000      0.00284090      180.00000000      0.00253971      0.00000000      0.00921425      180.00000000
5.26m-area13      30.32570000      268.89220000      0.00313062      180.00000000      0.00234656      0.00000000      0.00946460      180.00000000
5.26m-area14      30.32570000      268.89220000      0.00343822      180.00000000      0.00205537      0.00000000      0.00968571      180.00000000
5.26m-area15      30.32570000      268.89220000      0.00353086      180.00000000      0.00167892      0.00000000      0.00945107      180.00000000
5.26m-area16      30.32570000      268.89220000      0.00340309      180.00000000      0.00125951      0.00000000      0.00877053      180.00000000
5.26m-area17      30.32570000      268.89220000      0.00371272      180.00000000      0.00106631      0.00000000      0.00933698      180.00000000
5.26m-area18      30.32570000      268.89220000      0.00388783      180.00000000      0.00081307      0.00000000      0.00960297      180.00000000
5.26m-area19      30.32570000      268.89220000      0.00402731      180.00000000      0.00053934      0.00000000      0.00983804      180.00000000
5.26m-area2      30.32570000      268.89220000      0.00074978      180.00000000      0.00164279      0.00000000      0.00458523      180.00000000
5.26m-area20      30.32570000      268.89220000      0.00475167      180.00000000      0.00069143      0.00000000      0.01168094      180.00000000
5.26m-area21      30.32570000      268.89220000      0.00513602      180.00000000      0.00081804      0.00000000      0.01274981      180.00000000
5.26m-area22      30.32570000      268.89220000      0.00614322      180.00000000      0.00121142      0.00000000      0.01551770      180.00000000
5.26m-area23      30.32570000      268.89220000      0.00656549      180.00000000      0.00169251      0.00000000      0.01702944      180.00000000
5.26m-area24      30.32570000      268.89220000      0.00739270      180.00000000      0.00244916      0.00000000      0.01987698      180.00000000
5.26m-area25      30.32570000      268.89220000      0.00858807      180.00000000      0.00322515      0.00000000      0.02390826      180.00000000
5.26m-area26      30.32570000      268.89220000      0.01091308      180.00000000      0.00436224      0.00000000      0.03144379      180.00000000
5.26m-area27      30.32570000      268.89220000      0.01312685      180.00000000      0.00498593      0.00000000      0.03875996      180.00000000
5.26m-area28      30.32570000      268.89220000      0.01792015      180.00000000      0.00352498      0.00000000      0.05214334      180.00000000
5.26m-area29      30.32570000      268.89220000      0.01989481      180.00000000      0.00179405      180.00000000      0.05765244      180.00000000
5.26m-area3      30.32570000      268.89220000      0.00084626      180.00000000      0.00175459      0.00000000      0.00489862      180.00000000
5.26m-area30      30.32570000      268.89220000      0.01470023      180.00000000      0.00472318      180.00000000      0.04315453      180.00000000
5.26m-area31      30.32570000      268.89220000      0.01328439      180.00000000      0.00335541      180.00000000      0.03719688      180.00000000
5.26m-area32      30.32570000      268.89220000      0.01000923      180.00000000      0.00206643      180.00000000      0.02702275      180.00000000
5.26m-area33      30.32570000      268.89220000      0.00851992      180.00000000      0.00123583      180.00000000      0.02225073      180.00000000
5.26m-area34      30.32570000      268.89220000      0.00725641      180.00000000      0.00091948      180.00000000      0.01852870      180.00000000
5.26m-area35      30.32570000      268.89220000      0.00655883      180.00000000      0.00087820      180.00000000      0.01648604      180.00000000
5.26m-area36      30.32570000      268.89220000      0.00538711      180.00000000      0.00072280      180.00000000      0.01336908      180.00000000
5.26m-area37      30.32570000      268.89220000      0.00496782      180.00000000      0.00060665      180.00000000      0.01220186      180.00000000
5.26m-area4      30.32570000      268.89220000      0.00096188      180.00000000      0.00187056      0.00000000      0.00524237      180.00000000
5.26m-area5      30.32570000      268.89220000      0.00109506      180.00000000      0.00200146      0.00000000      0.00563866      180.00000000
5.26m-area6      30.32570000      268.89220000      0.00125186      180.00000000      0.00214163      0.00000000      0.00608569      180.00000000
5.26m-area7      30.32570000      268.89220000      0.00152009      180.00000000      0.00243124      0.00000000      0.00698893      180.00000000
5.26m-area8      30.32570000      268.89220000      0.00175058      180.00000000      0.00259406      0.00000000      0.00759337      180.00000000
5.26m-area9      30.32570000      268.89220000      0.00191053      180.00000000      0.00255528      0.00000000      0.00772232      180.00000000
6.93m-area1      30.32570000      268.89220000      0.00089055      180.00000000      0.00201059      0.00000000      0.00564460      180.00000000
6.93m-area10      30.32570000      268.89220000      0.00290351      180.00000000      0.00349177      0.00000000      0.01097741      180.00000000
6.93m-area11      30.32570000      268.89220000      0.00333195      180.00000000      0.00353435      0.00000000      0.01174113      180.00000000
6.93m-area12      30.32570000      268.89220000      0.00374286      180.00000000      0.00334605      0.00000000      0.01213969      180.00000000
6.93m-area13      30.32570000      268.89220000      0.00412456      180.00000000      0.00309157      0.00000000      0.01246952      180.00000000
6.93m-area14      30.32570000      268.89220000      0.00452983      180.00000000      0.00270793      0.00000000      0.01276083      180.00000000
6.93m-area15      30.32570000      268.89220000      0.00465187      180.00000000      0.00221197      0.00000000      0.01245170      180.00000000
6.93m-area16      30.32570000      268.89220000      0.00448353      180.00000000      0.00165939      0.00000000      0.01155509      180.00000000
6.93m-area17      30.32570000      268.89220000      0.00489147      180.00000000      0.00140485      0.00000000      0.01230138      180.00000000
6.93m-area18      30.32570000      268.89220000      0.00512217      180.00000000      0.00107122      0.00000000      0.01265182      180.00000000
6.93m-area19      30.32570000      268.89220000      0.00530594      180.00000000      0.00071058      0.00000000      0.01296153      180.00000000
6.93m-area2      30.32570000      268.89220000      0.00098783      180.00000000      0.00216436      0.00000000      0.00604099      180.00000000
6.93m-area20      30.32570000      268.89220000      0.00626028      180.00000000      0.00091095      0.00000000      0.01538953      180.00000000
6.93m-area21      30.32570000      268.89220000      0.00676666      180.00000000      0.00107777      0.00000000      0.01679775      180.00000000
6.93m-area22      30.32570000      268.89220000      0.00809363      180.00000000      0.00159603      0.00000000      0.02044442      180.00000000
6.93m-area23      30.32570000      268.89220000      0.00864997      180.00000000      0.00222987      0.00000000      0.02243613      180.00000000
6.93m-area24      30.32570000      268.89220000      0.00973981      180.00000000      0.00322675      0.00000000      0.02618773      180.00000000
6.93m-area25      30.32570000      268.89220000      0.01131470      180.00000000      0.00424910      0.00000000      0.03149890      180.00000000
6.93m-area26      30.32570000      268.89220000      0.01437788      180.00000000      0.00574721      0.00000000      0.04142689      180.00000000
6.93m-area27      30.32570000      268.89220000      0.01729449      180.00000000      0.00656892      0.00000000      0.05106588      180.00000000
6.93m-area28      30.32570000      268.89220000      0.02360963      180.00000000      0.00464412      0.00000000      0.06869835      180.00000000
6.93m-area29      30.32570000      268.89220000      0.02621123      180.00000000      0.00236364      180.00000000      0.07595654      180.00000000
6.93m-area3      30.32570000      268.89220000      0.00111494      180.00000000      0.00231166      0.00000000      0.00645388      180.00000000
6.93m-area30      30.32570000      268.89220000      0.01936741      180.00000000      0.00622274      180.00000000      0.05685569      180.00000000
6.93m-area31      30.32570000      268.89220000      0.01750205      180.00000000      0.00442072      180.00000000      0.04900654      180.00000000
6.93m-area32      30.32570000      268.89220000      0.01318707      180.00000000      0.00272251      180.00000000      0.03560221      180.00000000
6.93m-area33      30.32570000      268.89220000      0.01122492      180.00000000      0.00162819      180.00000000      0.02931512      180.00000000
6.93m-area34      30.32570000      268.89220000      0.00956025      180.00000000      0.00121141      180.00000000      0.02441138      180.00000000
6.93m-area35      30.32570000      268.89220000      0.00864119      180.00000000      0.00115702      180.00000000      0.02172020      180.00000000
6.93m-area36      30.32570000      268.89220000      0.00709747      180.00000000      0.00095229      180.00000000      0.01761363      180.00000000
6.93m-area37      30.32570000      268.89220000      0.00654505      180.00000000      0.00079926      180.00000000      0.01607584      180.00000000
6.93m-area4      30.32570000      268.89220000      0.00126727      180.00000000      0.00246445      0.00000000      0.00690678      180.00000000
6.93m-area5      30.32570000      268.89220000      0.00144273      180.00000000      0.00263690      0.00000000      0.00742888      180.00000000
6.93m-area6      30.32570000      268.89220000      0.00164932      180.00000000      0.00282158      0.00000000      0.00801784      180.00000000
6.93m-area7      30.32570000      268.89220000      0.00200271      180.00000000      0.00320314      0.00000000      0.00920785      180.00000000
6.93m-area8      30.32570000      268.89220000      0.00230638      180.00000000      0.00341765      0.00000000      0.01000419      180.00000000
6.93m-area9      30.32570000      268.89220000      0.00251711      180.00000000      0.00336656      0.00000000      0.01017408      180.00000000
8.41m-area1      30.32570000      268.89220000      0.00108074      180.00000000      0.00243999      0.00000000      0.00685008      180.00000000
8.41m-area10      30.32570000      268.89220000      0.00352359      180.00000000      0.00423749      0.00000000      0.01332180      180.00000000
8.41m-area11      30.32570000      268.89220000      0.00404353      180.00000000      0.00428916      0.00000000      0.01424862      180.00000000
8.41m-area12      30.32570000      268.89220000      0.00454220      180.00000000      0.00406065      0.00000000      0.01473229      180.00000000
8.41m-area13      30.32570000      268.89220000      0.00500542      180.00000000      0.00375182      0.00000000      0.01513256      180.00000000
8.41m-area14      30.32570000      268.89220000      0.00549724      180.00000000      0.00328625      0.00000000      0.01548608      180.00000000
8.41m-area15      30.32570000      268.89220000      0.00564534      180.00000000      0.00268436      0.00000000      0.01511094      180.00000000
8.41m-area16      30.32570000      268.89220000      0.00544106      180.00000000      0.00201378      0.00000000      0.01402285      180.00000000
8.41m-area17      30.32570000      268.89220000      0.00593611      180.00000000      0.00170488      0.00000000      0.01492852      180.00000000
8.41m-area18      30.32570000      268.89220000      0.00621609      180.00000000      0.00129999      0.00000000      0.01535380      180.00000000
8.41m-area19      30.32570000      268.89220000      0.00643910      180.00000000      0.00086233      0.00000000      0.01572964      180.00000000
8.41m-area2      30.32570000      268.89220000      0.00119879      180.00000000      0.00262659      0.00000000      0.00733113      180.00000000
8.41m-area20      30.32570000      268.89220000      0.00759725      180.00000000      0.00110550      0.00000000      0.01867618      180.00000000
8.41m-area21      30.32570000      268.89220000      0.00821177      180.00000000      0.00130794      0.00000000      0.02038515      180.00000000
8.41m-area22      30.32570000      268.89220000      0.00982214      180.00000000      0.00193689      0.00000000      0.02481061      180.00000000
8.41m-area23      30.32570000      268.89220000      0.01049729      180.00000000      0.00270609      0.00000000      0.02722768      180.00000000
8.41m-area24      30.32570000      268.89220000      0.01181989      180.00000000      0.00391587      0.00000000      0.03178049      180.00000000
8.41m-area25      30.32570000      268.89220000      0.01373111      180.00000000      0.00515655      0.00000000      0.03822594      180.00000000
8.41m-area26      30.32570000      268.89220000      0.01744849      180.00000000      0.00697461      0.00000000      0.05027419      180.00000000
8.41m-area27      30.32570000      268.89220000      0.02098798      180.00000000      0.00797180      0.00000000      0.06197172      180.00000000
8.41m-area28      30.32570000      268.89220000      0.02865180      180.00000000      0.00563594      0.00000000      0.08336986      180.00000000
8.41m-area29      30.32570000      268.89220000      0.03180901      180.00000000      0.00286843      180.00000000      0.09217814      180.00000000
8.41m-area3      30.32570000      268.89220000      0.00135305      180.00000000      0.00280535      0.00000000      0.00783220      180.00000000
8.41m-area30      30.32570000      268.89220000      0.02350359      180.00000000      0.00755170      180.00000000      0.06899803      180.00000000
8.41m-area31      30.32570000      268.89220000      0.02123987      180.00000000      0.00536483      180.00000000      0.05947258      180.00000000
8.41m-area32      30.32570000      268.89220000      0.01600336      180.00000000      0.00330394      180.00000000      0.04320557      180.00000000
8.41m-area33      30.32570000      268.89220000      0.01362216      180.00000000      0.00197591      180.00000000      0.03557578      180.00000000
8.41m-area34      30.32570000      268.89220000      0.01160197      180.00000000      0.00147012      180.00000000      0.02962478      180.00000000
8.41m-area35      30.32570000      268.89220000      0.01048665      180.00000000      0.00140412      180.00000000      0.02635886      180.00000000
8.41m-area36      30.32570000      268.89220000      0.00861323      180.00000000      0.00115566      180.00000000      0.02137528      180.00000000
8.41m-area37      30.32570000      268.89220000      0.00794284      180.00000000      0.00096995      180.00000000      0.01950906      180.00000000
8.41m-area4      30.32570000      268.89220000      0.00153791      180.00000000      0.00299077      0.00000000      0.00838182      180.00000000
8.41m-area5      30.32570000      268.89220000      0.00175084      180.00000000      0.00320005      0.00000000      0.00901542      180.00000000
8.41m-area6      30.32570000      268.89220000      0.00200155      180.00000000      0.00342417      0.00000000      0.00973016      180.00000000
8.41m-area7      30.32570000      268.89220000      0.00243041      180.00000000      0.00388722      0.00000000      0.01117431      180.00000000
8.41m-area8      30.32570000      268.89220000      0.00279894      180.00000000      0.00414754      0.00000000      0.01214073      180.00000000
8.41m-area9      30.32570000      268.89220000      0.00305468      180.00000000      0.00408554      0.00000000      0.01234690      180.00000000
8.47m-area1      30.32570000      268.89220000      0.00108845      180.00000000      0.00245739      0.00000000      0.00689895      180.00000000
8.47m-area10      30.32570000      268.89220000      0.00354873      180.00000000      0.00426772      0.00000000      0.01341684      180.00000000
8.47m-area11      30.32570000      268.89220000      0.00407238      180.00000000      0.00431977      0.00000000      0.01435027      180.00000000
8.47m-area12      30.32570000      268.89220000      0.00457461      180.00000000      0.00408962      0.00000000      0.01483740      180.00000000
8.47m-area13      30.32570000      268.89220000      0.00504113      180.00000000      0.00377859      0.00000000      0.01524052      180.00000000
8.47m-area14      30.32570000      268.89220000      0.00553646      180.00000000      0.00330969      0.00000000      0.01559656      180.00000000
8.47m-area15      30.32570000      268.89220000      0.00568562      180.00000000      0.00270352      0.00000000      0.01521874      180.00000000
8.47m-area16      30.32570000      268.89220000      0.00547988      180.00000000      0.00202814      0.00000000      0.01412289      180.00000000
8.47m-area17      30.32570000      268.89220000      0.00597846      180.00000000      0.00171704      0.00000000      0.01503502      180.00000000
8.47m-area18      30.32570000      268.89220000      0.00626044      180.00000000      0.00130927      0.00000000      0.01546334      180.00000000
8.47m-area19      30.32570000      268.89220000      0.00648503      180.00000000      0.00086848      0.00000000      0.01584187      180.00000000
8.47m-area2      30.32570000      268.89220000      0.00120734      180.00000000      0.00264533      0.00000000      0.00738343      180.00000000
8.47m-area20      30.32570000      268.89220000      0.00765145      180.00000000      0.00111338      0.00000000      0.01880942      180.00000000
8.47m-area21      30.32570000      268.89220000      0.00827036      180.00000000      0.00131727      0.00000000      0.02053059      180.00000000
8.47m-area22      30.32570000      268.89220000      0.00989221      180.00000000      0.00195071      0.00000000      0.02498762      180.00000000
8.47m-area23      30.32570000      268.89220000      0.01057218      180.00000000      0.00272540      0.00000000      0.02742193      180.00000000
8.47m-area24      30.32570000      268.89220000      0.01190421      180.00000000      0.00394380      0.00000000      0.03200723      180.00000000
8.47m-area25      30.32570000      268.89220000      0.01382908      180.00000000      0.00519334      0.00000000      0.03849866      180.00000000
8.47m-area26      30.32570000      268.89220000      0.01757297      180.00000000      0.00702437      0.00000000      0.05063287      180.00000000
8.47m-area27      30.32570000      268.89220000      0.02113772      180.00000000      0.00802868      0.00000000      0.06241385      180.00000000
8.47m-area28      30.32570000      268.89220000      0.02885622      180.00000000      0.00567615      0.00000000      0.08396466      180.00000000
8.47m-area29      30.32570000      268.89220000      0.03203594      180.00000000      0.00288889      180.00000000      0.09283577      180.00000000
8.47m-area3      30.32570000      268.89220000      0.00136271      180.00000000      0.00282536      0.00000000      0.00788808      180.00000000
8.47m-area30      30.32570000      268.89220000      0.02367128      180.00000000      0.00760557      180.00000000      0.06949028      180.00000000
8.47m-area31      30.32570000      268.89220000      0.02139140      180.00000000      0.00540310      180.00000000      0.05989688      180.00000000
8.47m-area32      30.32570000      268.89220000      0.01611753      180.00000000      0.00332751      180.00000000      0.04351382      180.00000000
8.47m-area33      30.32570000      268.89220000      0.01371934      180.00000000      0.00199001      180.00000000      0.03582959      180.00000000
8.47m-area34      30.32570000      268.89220000      0.01168475      180.00000000      0.00148061      180.00000000      0.02983614      180.00000000
8.47m-area35      30.32570000      268.89220000      0.01056146      180.00000000      0.00141414      180.00000000      0.02654691      180.00000000
8.47m-area36      30.32570000      268.89220000      0.00867468      180.00000000      0.00116390      180.00000000      0.02152778      180.00000000
8.47m-area37      30.32570000      268.89220000      0.00799951      180.00000000      0.00097687      180.00000000      0.01964824      180.00000000
8.47m-area4      30.32570000      268.89220000      0.00154888      180.00000000      0.00301210      0.00000000      0.00844162      180.00000000
8.47m-area5      30.32570000      268.89220000      0.00176333      180.00000000      0.00322288      0.00000000      0.00907974      180.00000000
8.47m-area6      30.32570000      268.89220000      0.00201583      180.00000000      0.00344860      0.00000000      0.00979958      180.00000000
8.47m-area7      30.32570000      268.89220000      0.00244775      180.00000000      0.00391495      0.00000000      0.01125403      180.00000000
8.47m-area8      30.32570000      268.89220000      0.00281891      180.00000000      0.00417713      0.00000000      0.01222735      180.00000000
8.47m-area9      30.32570000      268.89220000      0.00307647      180.00000000      0.00411469      0.00000000      0.01243499      180.00000000
9.4m-area1      30.32570000      268.89220000      0.00120796      180.00000000      0.00272721      0.00000000      0.00765645      180.00000000
9.4m-area10      30.32570000      268.89220000      0.00393838      180.00000000      0.00473631      0.00000000      0.01489000      180.00000000
9.4m-area11      30.32570000      268.89220000      0.00451952      180.00000000      0.00479407      0.00000000      0.01592592      180.00000000
9.4m-area12      30.32570000      268.89220000      0.00507690      180.00000000      0.00453865      0.00000000      0.01646654      180.00000000
9.4m-area13      30.32570000      268.89220000      0.00559464      180.00000000      0.00419348      0.00000000      0.01691392      180.00000000
9.4m-area14      30.32570000      268.89220000      0.00614435      180.00000000      0.00367309      0.00000000      0.01730906      180.00000000
9.4m-area15      30.32570000      268.89220000      0.00630990      180.00000000      0.00300036      0.00000000      0.01688975      180.00000000
9.4m-area16      30.32570000      268.89220000      0.00608156      180.00000000      0.00225083      0.00000000      0.01567357      180.00000000
9.4m-area17      30.32570000      268.89220000      0.00663489      180.00000000      0.00190557      0.00000000      0.01668586      180.00000000
9.4m-area18      30.32570000      268.89220000      0.00694783      180.00000000      0.00145302      0.00000000      0.01716120      180.00000000
9.4m-area19      30.32570000      268.89220000      0.00719709      180.00000000      0.00096384      0.00000000      0.01758129      180.00000000
9.4m-area2      30.32570000      268.89220000      0.00133991      180.00000000      0.00293579      0.00000000      0.00819413      180.00000000
9.4m-area20      30.32570000      268.89220000      0.00849158      180.00000000      0.00123563      0.00000000      0.02087468      180.00000000
9.4m-area21      30.32570000      268.89220000      0.00917844      180.00000000      0.00146190      0.00000000      0.02278483      180.00000000
9.4m-area22      30.32570000      268.89220000      0.01097837      180.00000000      0.00216490      0.00000000      0.02773124      180.00000000
9.4m-area23      30.32570000      268.89220000      0.01173300      180.00000000      0.00302465      0.00000000      0.03043284      180.00000000
9.4m-area24      30.32570000      268.89220000      0.01321129      180.00000000      0.00437683      0.00000000      0.03552160      180.00000000
9.4m-area25      30.32570000      268.89220000      0.01534750      180.00000000      0.00576357      0.00000000      0.04272579      180.00000000
9.4m-area26      30.32570000      268.89220000      0.01950247      180.00000000      0.00779564      0.00000000      0.05619232      180.00000000
9.4m-area27      30.32570000      268.89220000      0.02345862      180.00000000      0.00891022      0.00000000      0.06926684      180.00000000
9.4m-area28      30.32570000      268.89220000      0.03202461      180.00000000      0.00629939      0.00000000      0.09318391      180.00000000
9.4m-area29      30.32570000      268.89220000      0.03555347      180.00000000      0.00320609      180.00000000      0.10302907      180.00000000
9.4m-area3      30.32570000      268.89220000      0.00151233      180.00000000      0.00313559      0.00000000      0.00875418      180.00000000
9.4m-area30      30.32570000      268.89220000      0.02627037      180.00000000      0.00844066      180.00000000      0.07712027      180.00000000
9.4m-area31      30.32570000      268.89220000      0.02374016      180.00000000      0.00599636      180.00000000      0.06647351      180.00000000
9.4m-area32      30.32570000      268.89220000      0.01788723      180.00000000      0.00369286      180.00000000      0.04829160      180.00000000
9.4m-area33      30.32570000      268.89220000      0.01522572      180.00000000      0.00220851      180.00000000      0.03976365      180.00000000
9.4m-area34      30.32570000      268.89220000      0.01296772      180.00000000      0.00164318      180.00000000      0.03311212      180.00000000
9.4m-area35      30.32570000      268.89220000      0.01172110      180.00000000      0.00156941      180.00000000      0.02946174      180.00000000
9.4m-area36      30.32570000      268.89220000      0.00962715      180.00000000      0.00129170      180.00000000      0.02389151      180.00000000
9.4m-area37      30.32570000      268.89220000      0.00887785      180.00000000      0.00108413      180.00000000      0.02180561      180.00000000
9.4m-area4      30.32570000      268.89220000      0.00171895      180.00000000      0.00334283      0.00000000      0.00936850      180.00000000
9.4m-area5      30.32570000      268.89220000      0.00195695      180.00000000      0.00357675      0.00000000      0.01007669      180.00000000
9.4m-area6      30.32570000      268.89220000      0.00223717      180.00000000      0.00382726      0.00000000      0.01087557      180.00000000
9.4m-area7      30.32570000      268.89220000      0.00271652      180.00000000      0.00434481      0.00000000      0.01248972      180.00000000
9.4m-area8      30.32570000      268.89220000      0.00312842      180.00000000      0.00463578      0.00000000      0.01356990      180.00000000
9.4m-area9      30.32570000      268.89220000      0.00341426      180.00000000      0.00456648      0.00000000      0.01380034      180.00000000
